generations,N,M,K,P,b,c,β,u,v,p1,p2,ϵ,DD_mean,DC_mean,CD_mean,CC_mean,DD_var,DC_var,CD_var,CC_var,set_1_mean,set_2_mean,set_3_mean,set_1_var,set_2_var,set_3_var,opinion_-13_mean,opinion_-12_mean,opinion_-11_mean,opinion_-10_mean,opinion_-9_mean,opinion_-8_mean,opinion_-7_mean,opinion_-6_mean,opinion_-5_mean,opinion_-4_mean,opinion_-3_mean,opinion_-2_mean,opinion_-1_mean,opinion_0_mean,opinion_1_mean,opinion_2_mean,opinion_3_mean,opinion_4_mean,opinion_5_mean,opinion_6_mean,opinion_7_mean,opinion_8_mean,opinion_9_mean,opinion_10_mean,opinion_11_mean,opinion_12_mean,opinion_13_mean,opinion_-13_var,opinion_-12_var,opinion_-11_var,opinion_-10_var,opinion_-9_var,opinion_-8_var,opinion_-7_var,opinion_-6_var,opinion_-5_var,opinion_-4_var,opinion_-3_var,opinion_-2_var,opinion_-1_var,opinion_0_var,opinion_1_var,opinion_2_var,opinion_3_var,opinion_4_var,opinion_5_var,opinion_6_var,opinion_7_var,opinion_8_var,opinion_9_var,opinion_10_var,opinion_11_var,opinion_12_var,opinion_13_var,total_means_mean,total_means_var,total_vars_mean,total_vars_var,total_cooperation_mean,total_cooperation_var,party_cooperation_mean,enemy_cooperation_var,cityblock_ind_mean,cityblock_ind_var,cityblock_party_mean,cityblock_party_var,cityblock_enemy_mean,cityblock_enemy_var,cityblock_ind-party_mean,hamming_ind_mean,hamming_ind_var,hamming_party_mean,hamming_party_var,hamming_enemy_mean,hamming_enemy_var,hamming_ind-party_mean,DD_mean_final,DC_mean_final,CD_mean_final,CC_mean_final
2.0e7,40.0,3.0,2.0,2.0,1.0,0.2,0.001,0.001,0.001,0.0,0.0,1.0,0.31959372807812625,0.3356051910774894,0.18427440920697727,0.16052667163740714,0.2102310983333941,0.21538119054096166,0.14437178869713851,0.12874114015030427,25.633319464815585,26.88000711777738,27.486673417407033,354.3727539332027,340.32488315186043,330.59112874940865,0.0,0.059889836950564615,0.0,0.06660873102173717,0.0,0.09376673506851471,0.0,0.04677615017910277,0.0,0.08440533558859246,0.0,0.10431079698273352,0.0,0.0,0.0,0.10604098021994554,0.0,0.06440990058833886,0.0,0.12882742339847647,0.0,0.07032389470422808,0.0,0.09730046126108548,0.0,0.07733975403668034,0.0,0.0,0.053825127404379634,0.0,0.05948817528157813,0.0,0.08191949734363536,0.0,0.04220345908342155,0.0,0.0742203443797737,0.0,0.09035767279223018,0.0,0.0,0.0,0.09127447808373254,0.0,0.05800449256599833,0.0,0.10892144065570383,0.0,0.06266117882971473,0.0,0.08479765700408112,0.0,0.06819513836324373,0.0,0.056292424650420864,1.7182497608064855,0.08040776960697577,0.14578776535146415,0.3487582651368622,0.21261876659387133,0.16991050266945656,0.1788477624674056,0.10693112511351299,0.11855872456262455,0.1069309788547117,0.11871693881014848,0.10693126405937423,0.11870924955642576,1.4625880129203955e-7,0.05075926427405797,0.03356950758020728,0.05075019601095402,0.03359988467321152,0.050767879124006716,0.03362831942967372,9.068263103945293e-6,0.3074174725001225,0.3491311162496258,0.18281917374987744,0.16063223749975916
2.0e7,40.0,3.0,2.0,2.0,1.0,0.2,0.001,0.001,0.001,0.25,0.25,1.0,0.2979738626125632,0.29403136144270214,0.20774184540323082,0.20025293054150387,0.20180244167678135,0.20024588437957094,0.15792297420836712,0.15322370269280425,28.696565516857472,25.2246793764067,26.078755106735827,311.916949120436,359.48552200834627,350.03170574392954,0.0,0.08701457572141245,0.0,0.12519008332277315,0.0,0.05144674297518095,0.0,0.06200970905501616,0.0,0.07553370274812762,0.0,0.08170322184982101,0.0,0.0,0.0,0.035653945241447486,0.0,0.08969499223916709,0.0,0.07027885165117491,0.0,0.05930029531665026,0.0,0.13344589397522813,0.0,0.12872798590400078,0.0,0.0,0.07637903138582611,0.0,0.10580248692388393,0.0,0.046750080997147496,0.0,0.05605695858178979,0.0,0.06713318599469413,0.0,0.07250021577266912,0.0,0.0,0.0,0.032572831256986304,0.0,0.07842556632303842,0.0,0.06299531856953008,0.0,0.053304851342495546,0.0,0.11157800485710738,0.0,0.10821559163421633,0.0,0.12826102065216552,2.452284901056216,0.09199310913428596,0.16982536857120775,0.4105736123220413,0.227601177504345,0.20002801795162328,0.210545594370418,0.09990448889419506,0.10435015798041142,0.09948161172470578,0.10352920833421515,0.10030622220520988,0.10548531947795584,0.00042287716948928084,0.04959883314194517,0.03235868826313049,0.049393060121438175,0.03212092611496057,0.04979431751142681,0.032692187887767094,0.0002057730205069874,0.3101156537498815,0.2957253512498576,0.2102556874998996,0.18390330749984074
2.0e7,40.0,3.0,2.0,2.0,1.0,0.2,0.001,0.001,0.001,0.5,0.5,1.0,0.39411198227155647,0.22130555298302484,0.2065108482493973,0.1780716164960213,0.2299155355855813,0.1656264804354805,0.15700562715132937,0.13952080225491054,26.510364193868657,27.080467162196268,26.409168643935075,344.92237315292397,337.61747942433715,346.8272734559636,0.0,0.15234104014771999,0.0,0.10228518459526753,0.0,0.07485798334122314,0.0,0.02093709605905022,0.0,0.11579718801126733,0.0,0.02125221687487684,0.0,0.0,0.0,0.03824456593085745,0.0,0.16194692433628197,0.0,0.07635838048008997,0.0,0.01565491996361556,0.0,0.13019023304498703,0.0,0.09013426721476293,0.0,0.0,0.12473771699600004,0.0,0.0881427030352421,0.0,0.0674058624701564,0.0,0.01944323090092733,0.0,0.09856586723985049,0.0,0.019389322593088943,0.0,0.0,0.0,0.03553163799133549,0.0,0.1315290291159738,0.0,0.06832668021903547,0.0,0.01447023127981743,0.0,0.10953719634055327,0.0,0.07853516897786961,0.0,0.023696023683554276,2.901706690513728,0.11129366005633512,0.24106604332018555,0.38684801821480513,0.22283290951580353,0.1884778751149037,0.19837014309990145,0.09848633242027499,0.10786545921101749,0.09728296360123886,0.10537075571987677,0.09962953279835929,0.11085628879848933,0.0012033688190361159,0.04748414266113738,0.03094366064860163,0.04689937312547342,0.030199857605602592,0.048039673720018126,0.03183273778316252,0.0005847695356639511,0.4170403774993909,0.20800068249986683,0.2055336299998318,0.1694253099996691
2.0e7,40.0,3.0,2.0,2.0,1.0,0.2,0.001,0.001,0.001,0.75,0.75,1.0,0.31746932958503726,0.3280343012203166,0.17217159043491165,0.18232477875973452,0.2096332547291172,0.21263486277253735,0.1365374808280544,0.14294075743952914,25.929200781711067,27.09009555055025,26.980703667738684,351.3987401370779,335.46843168020894,338.287459873763,0.0,0.1358928021726221,0.0,0.11300563677746463,0.0,0.046003323833148674,0.0,0.02226360015202222,0.0,0.1750250833319398,0.0,0.009052696719294626,0.0,0.0,0.0,0.022538098747883404,0.0,0.14515410165810547,0.0,0.026888580450634417,0.0,0.00230621237187709,0.0,0.16143243825375342,0.0,0.14043742553125413,0.0,0.0,0.11295787171534738,0.0,0.09554137003456006,0.0,0.042313933974563255,0.0,0.021076988087678213,0.0,0.13945156471804868,0.0,0.00833007853866673,0.0,0.0,0.0,0.021357577826610324,0.0,0.11934695938601102,0.0,0.02538276569423888,0.0,0.0018316104467003226,0.0,0.13020281157053515,0.0,0.11597891452556064,0.0,0.04620088632217299,3.340352892706683,0.1449258685867395,0.3561217537508268,0.35875235048455784,0.21486851949240612,0.17477490573894844,0.1839774447456094,0.10715707339155861,0.12097917703251872,0.10320125216133394,0.1119787780674405,0.11091510356027202,0.13159816057292748,0.003955821230224658,0.05216708299926462,0.034061953764984464,0.050264635511613816,0.03156607277236651,0.05397440811253289,0.037006061962610824,0.0019024474876508035,0.30880172499990605,0.32407111874951205,0.18285431249971887,0.18427284374977027
2.0e7,40.0,3.0,2.0,2.0,1.0,0.2,0.001,0.001,0.001,1.0,1.0,1.0,0.29398270033429447,0.25128744992847496,0.21947917391782368,0.23525067581940692,0.09930558960272151,0.09045003920870068,0.08344751898462147,0.08869310554913007,27.26987242945153,27.508446138419657,25.221681432128808,179.93673197888685,163.79312412107515,187.2797798954747,0.0,0.16747587819578455,0.0,0.16815996149111326,0.0,0.0,0.0,0.0,0.0,0.1643641603131022,0.0,0.0,0.0,0.0,0.0,0.0,0.0,0.1538890289506095,0.0,0.0,0.0,0.0,0.0,0.14412888504839527,0.0,0.2019820860009952,0.0,0.0,0.05461559800459686,0.0,0.05475380144004215,0.0,0.0,0.0,0.0,0.0,0.05406360019259233,0.0,0.0,0.0,0.0,0.0,0.0,0.0,0.05220655666825885,0.0,0.0,0.0,0.0,0.0,0.05024774434758781,0.0,0.05910121300153305,0.0,0.0,0.0,4.102564102564101,7.888609490466176e-31,0.4727936682716689,0.06919521158552576,0.27330267951104686,0.19949098876062185,2.0644476984138738,0.002279849083410922,0.02702422306005778,0.009605679933152377,4.0,0.0,2.037423475353816,0.6826879845800121,0.23223687774961457,0.02702422306005778,0.009605679933152377,1.305568558023969,0.8730017768153664,0.6556637615199544,0.29663966624980354,0.24726350625011884,0.21257518250000793,0.24352164499994777
2.0e7,40.0,3.0,2.0,2.0,1.0,0.2,0.001,0.001,0.001,0.0,0.0,1.0,0.3755615180243601,0.2761757902124561,0.1811049552163914,0.1671577365467924,0.22643790723221305,0.19228936609368832,0.141394730561402,0.13312051938662492,26.637247075708494,26.264675040851387,27.09807788344012,343.40033625305205,348.143592174414,337.4087353949123,0.0,0.07168305712871906,0.0,0.07473221112598827,0.0,0.11069141468381029,0.0,0.09145961575224357,0.0,0.09842931119837162,0.0,0.06755210874710507,0.0,0.0,0.0,0.07810870677173852,0.0,0.08997869639007243,0.0,0.0728749209513933,0.0,0.09376104062438664,0.0,0.06419845754453014,0.0,0.08653045908164117,0.0,0.0,0.06382090347965522,0.0,0.06635266613633721,0.0,0.095323393263764,0.0,0.08002630756201519,0.0,0.08594652668655138,0.0,0.060430815162803346,0.0,0.0,0.0,0.0693055422958371,0.0,0.07922078329476732,0.0,0.06531461004573076,0.0,0.08192170764069143,0.0,0.057785905389378604,0.0,0.0761445278462582,0.0,-0.008273932873670405,1.8728261350865545,0.07109157012454241,0.11609826133502875,0.35149232640626926,0.21377649424340658,0.17123909780031016,0.18025322860595908,0.097010476519361,0.1014835802417397,0.09701871917147466,0.10163520727191469,0.097002645999853,0.10159149157266537,-8.242652113674107e-6,0.047904463577957156,0.03143330234299332,0.047912664004852,0.03148577096025732,0.04789667317240704,0.03146028691184388,-8.200426894847686e-6,0.36608448874966504,0.2841221574999634,0.17208089999989765,0.17771245374967454
2.0e7,40.0,3.0,2.0,2.0,1.0,0.2,0.001,0.001,0.001,0.25,0.25,1.0,0.36922302809872065,0.3201787836011787,0.1422602518188749,0.16833793648122578,0.2248696718715755,0.21036549788503325,0.11677634806559808,0.13424853461553943,27.033097387050145,26.49842625008743,26.468476362862425,338.4631705073541,345.28830987053334,345.69066716302416,0.0,0.13237016625721298,0.0,0.09480337112203494,0.0,0.08169696073905773,0.0,0.042935475392473596,0.0,0.08710054793885845,0.0,0.07681425545476359,0.0,0.0,0.0,0.027543273469818143,0.0,0.13271448846030617,0.0,0.03891410200477211,0.0,0.03189365517257471,0.0,0.12914535671414684,0.0,0.12406834727398071,0.0,0.0,0.11129693321576775,0.0,0.0824946951509711,0.0,0.07252973147825678,0.0,0.03917927804485257,0.0,0.07633237551616696,0.0,0.06868999306029532,0.0,0.0,0.0,0.02544491429442059,0.0,0.11129513798393394,0.0,0.03561777893520066,0.0,0.029119988279610397,0.0,0.10869785827370228,0.0,0.10513583646759432,0.0,0.1433082142606548,2.6832109409733524,0.09954982039538035,0.20434138587326742,0.31499217126915485,0.2023298914718274,0.15345732909352583,0.161534842175629,0.10053513558280587,0.11084931355684075,0.10009125672007638,0.10997457919144726,0.10095682050239886,0.11207033601114198,0.00044387886272947763,0.047465026422883146,0.031223510351096627,0.04725335643914101,0.03097688919626818,0.04766611290743818,0.03156650173462544,0.00021166998374213132,0.3520381787496816,0.3055071624999364,0.17246102124960577,0.16999363749974736
2.0e7,40.0,3.0,2.0,2.0,1.0,0.2,0.001,0.001,0.001,0.5,0.5,1.0,0.3200863877729785,0.32195328350259533,0.1928325115093049,0.16512781721512126,0.21036950304548555,0.21019925529584654,0.1491480768975483,0.13182144791831424,27.328564870635287,25.983639556464468,26.687795572900246,333.35507045312016,350.7379302247613,342.29772172361766,0.0,0.15925991198556044,0.0,0.10667599546244469,0.0,0.07313612371465981,0.0,0.032716996793500173,0.0,0.12559804441121974,0.0,0.01924379754201125,0.0,0.0,0.0,0.06822074759884734,0.0,0.1037232886820395,0.0,0.023069029273942818,0.0,0.05120073743329236,0.0,0.11939615447799144,0.0,0.11775917262449041,0.0,0.0,0.1293347071155338,0.0,0.09123944875572047,0.0,0.06607754322194438,0.0,0.030259628443291785,0.0,0.10558972005119573,0.0,0.01775844877031077,0.0,0.0,0.0,0.06174467395655042,0.0,0.08929758767617564,0.0,0.02128007846990352,0.0,0.046824091944813954,0.0,0.10114026625389859,0.0,0.09969994374933865,0.0,-0.10131067214940712,2.802587528805087,0.1197938924900829,0.26480140666390994,0.3619756728349783,0.21625968599152176,0.17634812774912306,0.18562754508585516,0.10294099584800737,0.11157979184983022,0.10170345663050973,0.10904031369548833,0.10411665810463011,0.1145885418473303,0.0012375392174976344,0.05047553793654419,0.03305865778879897,0.04984890015459327,0.032267543374206335,0.05107084382939756,0.03399556904342933,0.0006266377819509228,0.3157548374999834,0.31597744124972954,0.193405768749679,0.17486195249966782
2.0e7,40.0,3.0,2.0,2.0,1.0,0.2,0.001,0.001,0.001,0.75,0.75,1.0,0.3836812036843776,0.3124591173633824,0.14557915441226918,0.15828052453997085,0.22830034833034796,0.20707545049006829,0.11840330268570369,0.12724873540953363,27.021202276599873,23.536623692409794,29.44217403099033,338.0972011856642,374.28229038563535,298.32720261545575,0.0,0.14925973754112568,0.0,0.1657457894030117,0.0,0.0257960138446659,0.0,0.014039296442261307,0.0,0.10677609406799476,0.0,0.03056884691284184,0.0,0.0,0.0,0.022992305667094128,0.0,0.16413269643707243,0.0,0.005021831665453796,0.0,0.008688693961739224,0.0,0.2113539104803383,0.0,0.09562478357640089,0.0,0.0,0.12223048142118377,0.0,0.1333291121509132,0.0,0.023975757750812787,0.0,0.013235078422233983,0.0,0.09062755489385306,0.0,0.028831705442338432,0.0,0.0,0.0,0.021774693121575026,0.0,0.13251984528309904,0.0,0.0046484191567116905,0.0,0.007957232287489603,0.0,0.16142463655686495,0.0,0.08243937123018318,0.0,0.09865953896335897,3.4192076712196653,0.14628806167345523,0.36751163553685434,0.30849347242909236,0.19938207829771284,0.15027141740114713,0.15822205502794523,0.10527444472122031,0.121239523020438,0.10135539290715653,0.11220266265450193,0.10899754394458089,0.13193840760402334,0.003919051814063774,0.049145798694179274,0.03219592787104411,0.04733449941708921,0.02979640096381934,0.05086653300741483,0.03502401186911645,0.0018112992770900616,0.36021351749964675,0.3152783599998462,0.15276892874955394,0.17173919374983065
2.0e7,40.0,3.0,2.0,2.0,1.0,0.2,0.001,0.001,0.001,1.0,1.0,1.0,0.27206988627389517,0.2899194352822536,0.2252163430435365,0.2127943354003147,0.09225032915529735,0.09819472946627034,0.09016356128596267,0.08497004254201455,26.373766645901853,24.189197211711267,29.43703614238688,186.84506381998344,189.78592174642537,170.50718389963646,0.0,0.14097031855720452,0.0,0.21354531035859387,0.0,0.0,0.0,0.0,0.0,0.14548437108420162,0.0,0.0,0.0,0.0,0.0,0.0,0.0,0.19517146276825206,0.0,0.0,0.0,0.0,0.0,0.18172475934862445,0.0,0.12310377788312345,0.0,0.0,0.049626164466567445,0.0,0.06010740559876294,0.0,0.0,0.0,0.0,0.0,0.05067330475408417,0.0,0.0,0.0,0.0,0.0,0.0,0.0,0.05855871366440639,0.0,0.0,0.0,0.0,0.0,0.05687105146335742,0.0,0.04552916364703927,0.0,0.0,0.0,4.102564102564101,7.888609490466176e-31,0.4673574890707885,0.06318605712596378,0.25926213257189556,0.2080953564988928,2.0630234945043924,0.002023736239536068,0.024100857140595653,0.008526600610344473,4.0,0.0,2.0389226373637963,0.6482435067215145,0.24121194525359974,0.024100857140595653,0.008526600610344473,1.2411790238233877,0.9088107060333023,0.6241426495809187,0.2913918200000242,0.27209545500014837,0.22881296999994055,0.20769975499988041
2.0e7,40.0,3.0,2.0,2.0,1.0,0.2,0.001,0.001,0.0022360679774997894,0.0,0.0,1.0,0.4086726384070757,0.2275398929144504,0.17008361555091026,0.19370385312756372,0.23369292033888145,0.16927340272834696,0.1345904526695504,0.1493255838101362,27.48342275092096,25.93253267041485,26.58404457866419,317.86932276424216,337.295144381408,328.94043218896036,0.0,0.10618245521208583,0.0,0.08488777722845683,0.0,0.08428236753986845,0.0,0.07312337788203456,0.0,0.07635127631381797,0.0,0.07486167917435116,0.0,0.0,0.0,0.08154219963654445,0.0,0.08015927610226242,0.0,0.07630493881639228,0.0,0.10259473180029267,0.0,0.07992180667101073,0.0,0.07978811362288257,0.0,0.0,0.08775403752320483,0.0,0.07174847664771553,0.0,0.07118900615501243,0.0,0.06228993051145296,0.0,0.0650829679758334,0.0,0.06377705763818145,0.0,0.0,0.0,0.06896548635764893,0.0,0.0680437902366774,0.0,0.06427188928736866,0.0,0.08519863455401047,0.0,0.06780555140802517,0.0,0.06798349014721626,0.0,-0.05510462471640973,1.874700561277279,0.15530855775351318,0.24457900754461034,0.3679950939711843,0.214817978149605,0.17927785682975594,0.18871723714142835,0.213233426615237,0.21193756641832573,0.21324551768519054,0.21228021372303413,0.2132219400987811,0.21217252087781202,-1.2091069953553595e-5,0.10429352867884954,0.06403639491391508,0.10429051759789523,0.06412342699634672,0.10429638920575617,0.0641248803471005,3.011080954326006e-6,0.3807303137495936,0.2376117312498583,0.19020818999974784,0.1914497649997527
2.0e7,40.0,3.0,2.0,2.0,1.0,0.2,0.001,0.001,0.0022360679774997894,0.25,0.25,1.0,0.277789262345041,0.27107086688495186,0.24699606822244063,0.20414380254756653,0.19294406129986058,0.19024923142599548,0.17870291656698556,0.15600827383004837,27.17528865692841,26.50921119393271,26.31550014913888,322.84076477393415,332.52390172334606,334.25878203925225,0.0,0.1107476910695727,0.0,0.10304739427514477,0.0,0.05891918006004555,0.0,0.06957458780141179,0.0,0.11222740209847766,0.0,0.07759563874468672,0.0,0.0,0.0,0.04016830193509434,0.0,0.09062644079853106,0.0,0.060341236925486846,0.0,0.06315721454682141,0.0,0.11214593126967048,0.0,0.10144898047505664,0.0,0.0,0.09117566136636672,0.0,0.08542443685983811,0.0,0.051171637111525815,0.0,0.06034653701889569,0.0,0.09215355396294937,0.0,0.06672446286746614,0.0,0.0,0.0,0.03555150308973484,0.0,0.07550605718162637,0.0,0.0520950287087431,0.0,0.05478813224436266,0.0,0.09217667228289668,0.0,0.08444019121935513,0.0,-0.04360226979987388,2.322006093907123,0.20212126882802067,0.38630199911742535,0.4565464339180229,0.2276187170702414,0.2224317627376192,0.23411467118040374,0.20620638455548576,0.20730380314232413,0.2053104786523418,0.20571840451205387,0.2070574951634725,0.2095852506370282,0.0008959059031439305,0.09825188029654797,0.060305976456250014,0.09783951240072884,0.059864186137333845,0.09864362979757613,0.060945153838938435,0.0004123678958191183,0.2786005525001193,0.2802910124999031,0.24303936750004074,0.19806906749979866
2.0e7,40.0,3.0,2.0,2.0,1.0,0.2,0.001,0.001,0.0022360679774997894,0.5,0.5,1.0,0.30895460644696626,0.3217088460161752,0.18353983980334224,0.18579670773351623,0.2055511585953141,0.21056923577013076,0.1436893087362483,0.14509927970675207,26.572914357060313,26.295065316940814,27.13202032599887,330.27452562123915,334.5813673427907,323.6635340769992,0.0,0.11820338926647837,0.0,0.13299423983365335,0.0,0.032493445417030815,0.0,0.05814354121424771,0.0,0.1251813402677033,0.0,0.04294266011429666,0.0,0.0,0.0,0.03774667012518499,0.0,0.1298064705663072,0.0,0.043561062857718734,0.0,0.0465703029683165,0.0,0.13056537885747896,0.0,0.10179149851158341,0.0,0.0,0.09636391191330397,0.0,0.10682066327176494,0.0,0.028488528585162442,0.0,0.05089044217725199,0.0,0.10113751159487214,0.0,0.038017068499581766,0.0,0.0,0.0,0.03348545013474875,0.0,0.10501778877691173,0.0,0.03850508227367441,0.0,0.04176356884428403,0.0,0.1049056088133964,0.0,0.0832679239704047,0.0,-0.02843124286493096,2.723068026050915,0.23619800910011063,0.4852853193598868,0.3769400325590396,0.21426657705278823,0.18364793890605152,0.19329209365298805,0.20830165666130399,0.21095736519100086,0.20568928214006912,0.20589987298413778,0.21078341245647708,0.21705461948572224,0.0026123745212348554,0.09972290186724621,0.06118368717856079,0.09848525534731037,0.05970580609175375,0.10089866606118521,0.06295615265759893,0.001237646519935818,0.3018727362498182,0.3180048562496588,0.19142211249980465,0.18870029499976618
2.0e7,40.0,3.0,2.0,2.0,1.0,0.2,0.001,0.001,0.0022360679774997894,0.75,0.75,1.0,0.3657955769002457,0.2972400612644411,0.1464346488091862,0.19052971302612703,0.2235334039726384,0.20136401864053055,0.11906468747156879,0.14755212258326106,26.249458486141194,26.822309565427247,26.92823194843156,333.03386307134593,326.1773747743739,324.12751506871007,0.0,0.14124448520863972,0.0,0.14738592514522636,0.0,0.00954192169211546,0.0,0.02530295414983588,0.0,0.1450459266641152,0.0,0.015414590810300511,0.0,0.0,0.0,0.03300160094435551,0.0,0.15030141942769892,0.0,0.03712510627082743,0.0,0.041723189348711706,0.0,0.1307912246782653,0.0,0.12312165565990801,0.0,0.0,0.1106490129356461,0.0,0.11584053737616287,0.0,0.008036149503141079,0.0,0.02276328693405578,0.0,0.11443636455185252,0.0,0.013922612738061573,0.0,0.0,0.0,0.030023674691270312,0.0,0.11729274852132351,0.0,0.03354607349114235,0.0,0.03756823204052576,0.0,0.10385393602041817,0.0,0.0988774141140107,0.0,-0.058924074504218105,3.06548549825093,0.2898514591108164,0.6635506410053706,0.34531575955848315,0.20620720353394462,0.16822413821868828,0.17709162133979486,0.22221147113070175,0.23258749409866553,0.21410764629226525,0.21562668564852563,0.22991010472721643,0.25279006205911725,0.008103824838436484,0.10648880077911221,0.06605288286659519,0.10267344838948679,0.06130094171917195,0.11011338554925634,0.07168992089093872,0.003815352389625423,0.3445242737498899,0.3038924062500247,0.15877398874986545,0.19280933124963084
2.0e7,40.0,3.0,2.0,2.0,1.0,0.2,0.001,0.001,0.0022360679774997894,1.0,1.0,1.0,0.2796750691847184,0.2935074406384755,0.2384753950847003,0.1883420950921058,0.09479335601857054,0.09823866073309524,0.08975575784916756,0.08239625081505256,27.27010454054975,25.76796384622423,26.96193161322602,172.39092386645459,185.7353860536831,179.44113996451458,0.0,0.1626232979098168,0.0,0.17644931241948264,0.0,0.0,0.0,0.0,0.0,0.16092738967070055,0.0,0.0,0.0,0.0,0.0,0.0,0.0,0.15731999681555572,0.0,0.0,0.0,0.0,0.0,0.17935159142491158,0.0,0.16332841175953267,0.0,0.0,0.052638349459082925,0.0,0.05478704758367181,0.0,0.0,0.0,0.0,0.0,0.05245170343307313,0.0,0.0,0.0,0.0,0.0,0.0,0.0,0.0515941380603101,0.0,0.0,0.0,0.0,0.0,0.055095877539907516,0.0,0.05267769256204355,0.0,0.0,0.0,4.102564102564101,7.888609490466176e-31,0.450537703895717,0.05989705087577364,0.24992196132017266,0.20061574257554435,2.079352087471892,0.004745987544579884,0.057617442705463706,0.019996252230764528,4.0,0.0,2.0217346447664286,0.6767182836296108,0.23156779007555672,0.057617442705463706,0.019996252230764528,1.264864082507551,0.8578382825722674,0.6191008409241472,0.2644615462499666,0.3014153674997474,0.23423588749986343,0.19988719874978805
2.0e7,40.0,3.0,2.0,2.0,1.0,0.2,0.001,0.001,0.0022360679774997894,0.0,0.0,1.0,0.37025316970815725,0.2717339946258892,0.18905083394162034,0.16896200172433326,0.2257896262120397,0.19103182376385924,0.14712094068652137,0.1344016346234087,27.26104815216399,24.966895835172455,27.772056012663555,319.91078224735475,345.2994976142101,312.1031070913062,0.0,0.0869045326719704,0.0,0.10125288326372871,0.0,0.08400043144442049,0.0,0.09678595434522476,0.0,0.08174402462533197,0.0,0.06802362122090994,0.0,0.0,0.0,0.08210094266105875,0.0,0.08660520768859958,0.0,0.06446020475221084,0.0,0.09627873631784799,0.0,0.0942955530946915,0.0,0.05754790791400511,0.0,0.0,0.07278477230232212,0.0,0.08413596271399584,0.0,0.0699583376112583,0.0,0.080964196611344,0.0,0.06904407805988172,0.0,0.05783875968503789,0.0,0.0,0.0,0.0692324999785786,0.0,0.07280022581368885,0.0,0.054880339619685393,0.0,0.08046245886250526,0.0,0.07836178997814112,0.0,0.049169365055178875,0.0,-0.0629055437274698,1.8562272210985122,0.1776576529506432,0.2999781800773343,0.36315047810026907,0.21226217473406736,0.17692127833001817,0.1862291997702509,0.22671004224830252,0.2279786406583937,0.22666997775810066,0.2282022905524989,0.22674810351399424,0.22839256720476794,4.0064490201846754e-5,0.10883197201645739,0.06694538664473823,0.10881862553346817,0.06702720726412607,0.10884465117529715,0.06705002495235243,1.3346482989223815e-5,0.34287850874958004,0.2767911912500609,0.20176956374970298,0.17856073624975696
2.0e7,40.0,3.0,2.0,2.0,1.0,0.2,0.001,0.001,0.0022360679774997894,0.25,0.25,1.0,0.3172461198752156,0.32513102499272084,0.15507951082891605,0.20254334430314755,0.2093500381035592,0.2115938610268948,0.1251059115544166,0.15520925987161854,25.72444368197535,26.932289503761695,27.343266814262954,337.5972877113783,324.47160923288885,317.4185893876795,0.0,0.11548679636184464,0.0,0.0910535407748033,0.0,0.07890151367213814,0.0,0.05402753449847031,0.0,0.11234740903625506,0.0,0.05242408736532848,0.0,0.0,0.0,0.06729541292803262,0.0,0.12482199862100009,0.0,0.051528411026199386,0.0,0.06215852849119286,0.0,0.09457917946782338,0.0,0.09537558775691178,0.0,0.0,0.09414583398623334,0.0,0.07599421867538526,0.0,0.06745428034299822,0.0,0.0465815280969069,0.0,0.09145633109967705,0.0,0.04531043529317436,0.0,0.0,0.0,0.05740284992503042,0.0,0.10101545196134064,0.0,0.04393863937627186,0.0,0.05363930583643831,0.0,0.07864624230729209,0.0,0.07841634977549568,0.0,-0.008221960654335515,2.3282444268592424,0.21163707684637323,0.38982484080692564,0.36595788477826374,0.21147807755485803,0.17829182644653893,0.18766605833172478,0.22618403472766763,0.2260572994672167,0.22523972549837784,0.22446870988404066,0.22708112849549286,0.22839287278866685,0.0009443092292897647,0.10995270172627442,0.06801568545635334,0.109497743916792,0.06753039563479624,0.11038491164528269,0.0687248063541282,0.00045495780948240176,0.3230066924996025,0.3161790149999454,0.15535799874961598,0.20545629374981295
2.0e7,40.0,3.0,2.0,2.0,1.0,0.2,0.001,0.001,0.0022360679774997894,0.5,0.5,1.0,0.31906428782976176,0.32441313614371464,0.16786893095172606,0.18865364507479748,0.2093051888121303,0.21148369788246166,0.13374264882362585,0.1467794375838702,27.429880753895514,27.188177267323486,25.381941978781,316.7121593049415,320.7810471474287,342.04847587229597,0.0,0.13369143285047597,0.0,0.12848411091754938,0.0,0.03447691475128251,0.0,0.05192107489327362,0.0,0.11767769346235037,0.0,0.022954108446993974,0.0,0.0,0.0,0.044662744740958625,0.0,0.1289584345023092,0.0,0.05382115950993559,0.0,0.038782870067618325,0.0,0.11855167258046263,0.0,0.1260177832767898,0.0,0.0,0.10603183947692005,0.0,0.1029699331232176,0.0,0.030232922977640693,0.0,0.045744268290493856,0.0,0.09536079031704557,0.0,0.020276511827520795,0.0,0.0,0.0,0.03916748266305058,0.0,0.10280730971903154,0.0,0.04731789794057732,0.0,0.034487194877978744,0.0,0.09552788233506927,0.0,0.10168146522825505,0.0,-0.012650693741628126,2.756332667716742,0.2636225186876378,0.5648894917219941,0.36650210960909296,0.21117529304051783,0.17854553184512853,0.18795657776396443,0.22641575964356894,0.23390835051660974,0.2235322293944083,0.2281856711372683,0.2291551133802715,0.240797697980449,0.002883530249160602,0.1084872463945832,0.0672766028368339,0.10710715106714656,0.06562407568622111,0.10979833695564795,0.06926420338062539,0.0013800953274366002,0.3354802299997585,0.3208627274999391,0.1655623687498912,0.17809467374981117
2.0e7,40.0,3.0,2.0,2.0,1.0,0.2,0.001,0.001,0.0022360679774997894,0.75,0.75,1.0,0.2953113724827015,0.24351623369354258,0.21073345912591895,0.25043893469783696,0.19986618121522723,0.17624800702214774,0.159758832397403,0.18113927355159815,26.86100150772214,23.623797965344558,29.515200526933302,324.40083714029333,357.4484569657029,281.9164151800792,0.0,0.11463617974243447,0.0,0.1994530639192742,0.0,0.022270365429424142,0.0,0.007393056533719081,0.0,0.16197856322341314,0.0,0.016319496315583538,0.0,0.0,0.0,0.02089039606164466,0.0,0.12928650670630518,0.0,0.011393577144801272,0.0,0.022540095969994667,0.0,0.165141525547693,0.0,0.1286971734057126,0.0,0.0,0.0922406802167573,0.0,0.14800001711090696,0.0,0.02016423579608606,0.0,0.0060866588578860495,0.0,0.1249790308206868,0.0,0.014883815066876437,0.0,0.0,0.0,0.01890466431425381,0.0,0.10252213415784713,0.0,0.01003138930930026,0.0,0.02034626057321588,0.0,0.12706684769829601,0.0,0.10203365122054871,0.0,-0.10588520245082207,3.282360060362411,0.3109748677663535,0.7269124989820475,0.46547861717417055,0.2291453111034675,0.2269289267212224,0.23854969045294813,0.22602475154563345,0.23742423317081465,0.21754075282668328,0.2194841620624382,0.23408455032863612,0.2589171384921304,0.00848399871895014,0.10960262795654917,0.06753904464772219,0.10560807512703677,0.06259251710627294,0.11339745314458594,0.07343709881426687,0.003994552829512398,0.29463985250019303,0.2349296562500106,0.22381779624982212,0.2466126949997827
2.0e7,40.0,3.0,2.0,2.0,1.0,0.2,0.001,0.001,0.0022360679774997894,1.0,1.0,1.0,0.2536376692423517,0.23519897998894557,0.26066124524104195,0.25050210552766083,0.09836087368119253,0.09125840128751736,0.08296991475331801,0.08111189226502509,26.02864494285306,26.720377959979004,27.25097709716794,193.38161963386997,184.19828901039068,170.5022649376422,0.0,0.15270684290517542,0.0,0.16799734622236967,0.0,0.0,0.0,0.0,0.0,0.1792958108724549,0.0,0.0,0.0,0.0,0.0,0.0,0.0,0.1699880655562186,0.0,0.0,0.0,0.0,0.0,0.1639932047781553,0.0,0.1660187296656261,0.0,0.0,0.05071603789691297,0.0,0.05346123224706858,0.0,0.0,0.0,0.0,0.0,0.05525420059125621,0.0,0.0,0.0,0.0,0.0,0.0,0.0,0.053921524365902376,0.0,0.0,0.0,0.0,0.0,0.05289854611193607,0.0,0.053353666605088494,0.0,0.0,0.0,4.102564102564101,7.888609490466176e-31,0.5029748526150926,0.06372633365033592,0.3013770287821702,0.20159782383292224,2.07867364448964,0.004685413397822663,0.05622484921557855,0.01974103539636638,4.0,0.0,2.022448795274062,0.6638886515788355,0.23449720572145002,0.05622484921557855,0.01974103539636638,1.2411692638239298,0.8693201076192563,0.6076638023632569,0.24144884874998107,0.24760807750034458,0.25938797624988985,0.251555097499967
2.0e7,40.0,3.0,2.0,2.0,1.0,0.2,0.001,0.001,0.005,0.0,0.0,1.0,0.3034167359212924,0.24905236810820178,0.2195320294704428,0.22799886650006299,0.20400871369277335,0.17961643557013665,0.16466559452579352,0.16939138784088184,27.906338671870074,26.052800219288876,26.04086110884105,285.64591455512556,307.7332501366881,308.38789348080263,0.0,0.09016198943544503,0.0,0.0852757813735677,0.0,0.09265091290828262,0.0,0.09633371548146026,0.0,0.07227929320670594,0.0,0.08106343994092001,0.0,0.0,0.0,0.073956427835754,0.0,0.0750423722198682,0.0,0.0862692854850397,0.0,0.0894914505838083,0.0,0.08126184965211947,0.0,0.07621348187702878,0.0,0.0,0.06891177652886578,0.0,0.06634818049879644,0.0,0.07151312178397341,0.0,0.07448079346124903,0.0,0.05596671105274479,0.0,0.06330880764542922,0.0,0.0,0.0,0.056729787345966405,0.0,0.05749865966292822,0.0,0.06706777569760128,0.0,0.06898721538303247,0.0,0.062391293750644776,0.0,0.058902950551930074,0.0,-0.030398720533404415,1.604215829960816,0.3238966646268235,0.4795345518443399,0.45599525129920987,0.21810259711550906,0.2221487528063111,0.23384649849289874,0.4318007327062271,0.36998460801406813,0.4318387406288419,0.37068932876938476,0.431764625179743,0.37043872334085753,-3.800792261479232e-5,0.20845436833373165,0.11219835073699236,0.20847421882745568,0.11240058128317387,0.20843551036469388,0.11234377833454504,-1.985049372400391e-5,0.29243155249984365,0.2502495787498107,0.2138188699999318,0.24349999874964384
2.0e7,40.0,3.0,2.0,2.0,1.0,0.2,0.001,0.001,0.005,0.25,0.25,1.0,0.3338414828421399,0.28757184791267515,0.18598169383435034,0.1926049754108347,0.21490095414903154,0.1972973561660021,0.14530332503271753,0.14901163652495417,26.540791636622686,26.252657041519054,27.20655132185826,299.90329950062255,303.93783280471337,291.2855189935128,0.0,0.10566709412960587,0.0,0.10607664410685311,0.0,0.0655196408044644,0.0,0.06768956012835776,0.0,0.11683313934260336,0.0,0.061692241017097714,0.0,0.0,0.0,0.05199019988943333,0.0,0.10596462883529839,0.0,0.051541048525497304,0.0,0.06192285628206353,0.0,0.11016443276864261,0.0,0.09493851417008255,0.0,0.0,0.07920810418123088,0.0,0.07932708599156943,0.0,0.051407309069252664,0.0,0.05371703951452518,0.0,0.08736485800829724,0.0,0.04798100607573651,0.0,0.0,0.0,0.03979116424306894,0.0,0.07972590038838062,0.0,0.040380634301254575,0.0,0.04868623455267978,0.0,0.08269466291186309,0.0,0.07136521031810361,0.0,-0.03501860361007759,2.1394302417775166,0.4286373209161603,0.717420979986059,0.39062811724967345,0.20760688394410717,0.1903342338783313,0.20029388337134216,0.44723921674881845,0.3810227040277323,0.4453453901708701,0.37844591767823393,0.44903835199786934,0.38507209478445753,0.001893826577948308,0.21930941174776775,0.1171828982576984,0.21836808465206548,0.11635255695470387,0.22020367248868486,0.11846728580223727,0.0009413270957022522,0.33716932124951804,0.2788089962498625,0.1922232874998176,0.1917983949997217
2.0e7,40.0,3.0,2.0,2.0,1.0,0.2,0.001,0.001,0.005,0.5,0.5,1.0,0.31441469225473934,0.2586611675743796,0.18258720652293298,0.24433693364794817,0.2083901519481576,0.1849141251790254,0.14344256925925802,0.17767701891382168,27.098750605624968,26.360736535514636,26.540512858860396,295.64762892845806,303.4477978113821,301.074569055398,0.0,0.12179650295574983,0.0,0.12892516367082424,0.0,0.054516683082406495,0.0,0.026560573524412587,0.0,0.12589800550566638,0.0,0.039381578367690094,0.0,0.0,0.0,0.0311996593777967,0.0,0.1260519916082227,0.0,0.0552119691548906,0.0,0.03779415345588036,0.0,0.11974558640302296,0.0,0.13291813289343707,0.0,0.0,0.08889630170333958,0.0,0.09458654100596796,0.0,0.04364052797557752,0.0,0.02067015395041738,0.0,0.09283079400273367,0.0,0.03232523578244123,0.0,0.0,0.0,0.024790358353408423,0.0,0.09312216477192808,0.0,0.04431604572324155,0.0,0.030167545774086806,0.0,0.08768150467788474,0.0,0.09682600184855429,0.0,0.004192077544884589,2.5206112348182144,0.5135516552300363,0.9565944945037257,0.4386657182059638,0.2169708637453999,0.2137858465965829,0.22487987160938083,0.44386617348891627,0.38486734664881944,0.4382940782819079,0.3758218651445034,0.44915966393557427,0.3961154034630373,0.0055720952070083575,0.21307758502845328,0.1142479571986304,0.2104454798290523,0.11155261447970534,0.21557808496788416,0.1175775783621958,0.002632105199400965,0.3194022025000313,0.2606486574998629,0.1781655137497847,0.24178362624997432
2.0e7,40.0,3.0,2.0,2.0,1.0,0.2,0.001,0.001,0.005,0.75,0.75,1.0,0.29902425977643,0.2776169623546132,0.21065891746339346,0.21269986040556332,0.20208841407679656,0.19344202369515406,0.1595418436874745,0.16083237409227444,26.806989788500566,26.015061221385487,27.177948990113943,295.79069227840955,305.37612038181993,290.96153648849156,0.0,0.16245344791925287,0.0,0.14725097931939005,0.0,0.02011305166038602,0.0,0.01256469930196115,0.0,0.13940379225534488,0.0,0.019651668352685094,0.0,0.0,0.0,0.022783151512047142,0.0,0.14798664316740873,0.0,0.022555291802483786,0.0,0.021301576594356855,0.0,0.16095786189122988,0.0,0.12297783622345353,0.0,0.0,0.11476040270269532,0.0,0.10472038486404442,0.0,0.01648423415821026,0.0,0.010039147489347314,0.0,0.09966976995852767,0.0,0.01606217593727896,0.0,0.0,0.0,0.01933751888111955,0.0,0.10607204448431723,0.0,0.01839495812371919,0.0,0.017037068781608235,0.0,0.11447683536026859,0.0,0.08875847668676697,0.0,-0.0343717564237913,2.9527250216002647,0.5848368901586343,1.1875453499735706,0.4335100552830877,0.21468320644049835,0.2114528074722186,0.22205724781086916,0.44390197078037485,0.3943494872782201,0.42764526132964925,0.365800602741482,0.4593458447585641,0.42934300211284077,0.016256709450725618,0.22286240670707427,0.11858513289681612,0.21478791642991107,0.11006289982237659,0.2305331724703793,0.1290489069312677,0.008074490277163197,0.2996086275001949,0.2762423162500546,0.21864786999974897,0.20550118624981967
2.0e7,40.0,3.0,2.0,2.0,1.0,0.2,0.001,0.001,0.005,1.0,1.0,1.0,0.26463040613164407,0.2259062291163206,0.23694895350283593,0.2725144112491994,0.09145424971147598,0.08876702128346528,0.10286472816197718,0.1026506971259964,25.68816896176839,27.575090856939397,26.736740181292213,172.76805623152663,165.1122147101131,167.70776209733697,0.0,0.16014357304757926,0.0,0.16781123373270923,0.0,0.0,0.0,0.0,0.0,0.17204519321971148,0.0,0.0,0.0,0.0,0.0,0.0,0.0,0.18575058273607872,0.0,0.0,0.0,0.0,0.0,0.14281149484380584,0.0,0.17143792242011544,0.0,0.0,0.04988386170483443,0.0,0.051155859622794356,0.0,0.0,0.0,0.0,0.0,0.05171856949835057,0.0,0.0,0.0,0.0,0.0,0.0,0.0,0.0534429882283028,0.0,0.0,0.0,0.0,0.0,0.04635391782130411,0.0,0.051663035074832185,0.0,0.0,0.0,4.102564102564101,7.888609490466176e-31,0.5053751427906018,0.06885668703040969,0.2984231792379786,0.2069519635526232,2.108894972297857,0.009017834112778263,0.11825810103244469,0.03799480799317376,4.0,0.0,1.9906368712654126,0.7170398194237136,0.21380172356811958,0.11825810103244469,0.03799480799317376,1.2858824518954195,0.7725617582661092,0.598781718391269,0.2727678487498439,0.22854485249997913,0.2235097462498804,0.27517755249996756
2.0e7,40.0,3.0,2.0,2.0,1.0,0.2,0.001,0.001,0.005,0.0,0.0,1.0,0.3682364350979758,0.2615090549161636,0.2041888469895085,0.16606566299635206,0.225167374083108,0.18572175386980017,0.1556456168238126,0.13261449140259293,26.166969379612812,27.65903863005341,26.17399199033378,305.6641618358341,286.32617694885664,305.20072700784004,0.0,0.08271346207147433,0.0,0.06867004479610862,0.0,0.07873084979273057,0.0,0.0973084682050851,0.0,0.08202349683202795,0.0,0.08937663670129796,0.0,0.0,0.0,0.08554743830292008,0.0,0.08887819367343368,0.0,0.08189928156115102,0.0,0.07840391231089376,0.0,0.08271922734893182,0.0,0.08372898840394509,0.0,0.0,0.06355724114539983,0.0,0.05251696388711292,0.0,0.060475628050717475,0.0,0.07520734492702785,0.0,0.06286247812839886,0.0,0.06918812588206513,0.0,0.0,0.0,0.06623067758073228,0.0,0.06825390482688466,0.0,0.06314481202935107,0.0,0.06030950341505825,0.0,0.06380408623415848,0.0,0.06394641100721074,0.0,0.04383881145339936,1.6275098869758062,0.3338482200568652,0.4964259484459609,0.38078818523889685,0.20515393449655023,0.1855155315126933,0.19527265372620353,0.4374404231336517,0.3715654077434745,0.43746227832811907,0.3722920875275458,0.43741966069890775,0.3720110503292769,-2.1855194467331883e-5,0.21538259344740582,0.11607512505033502,0.21539339826761822,0.11629827300421874,0.21537232886820393,0.11621238973787287,-1.0804820212446251e-5,0.3730859049997553,0.2595878562499354,0.19776659874988126,0.169559639999795
2.0e7,40.0,3.0,2.0,2.0,1.0,0.2,0.001,0.001,0.005,0.25,0.25,1.0,0.2954662877518729,0.31225786737456296,0.2202427558198469,0.17203308905371728,0.20086317166738707,0.20746418617213563,0.1649409782793309,0.13645771611950333,27.357457313474594,26.13233621487021,26.510206471655195,291.3176581508338,306.3509363474831,301.04199717515274,0.0,0.09404800449733307,0.0,0.11663796574233523,0.0,0.06764160596435523,0.0,0.06200489655528354,0.0,0.10735596903577949,0.0,0.05196293739094793,0.0,0.0,0.0,0.0448366433424087,0.0,0.11190801739399903,0.0,0.07322882926506503,0.0,0.056449427419476256,0.0,0.10596259550207804,0.0,0.10796310789093845,0.0,0.0,0.07058321697673478,0.0,0.08763534870557788,0.0,0.05311931827031919,0.0,0.04904351981180152,0.0,0.0800715029804274,0.0,0.04040736128630739,0.0,0.0,0.0,0.034980820614600935,0.0,0.08443484637081082,0.0,0.058076226877664526,0.0,0.044096475091983396,0.0,0.07988328470984789,0.0,0.08101229383974998,0.0,0.015583563023135382,2.162163185188901,0.42368895153295,0.7051621373292495,0.4048383141210461,0.20787847804007661,0.19725096520294233,0.2075873489181037,0.4394310133364537,0.3757235978918094,0.4375737002517535,0.37314041713100826,0.44119546076691885,0.3797525501220865,0.0018573130847001826,0.2143191594609014,0.11479188807813855,0.2134220656285987,0.11402954607130762,0.215171398601589,0.1159914648405733,0.0008970938323027059,0.30839594875022597,0.2997727212499149,0.21478634749986214,0.17704498249980943
2.0e7,40.0,3.0,2.0,2.0,1.0,0.2,0.001,0.001,0.005,0.5,0.5,1.0,0.3079219134487826,0.24186069350773923,0.22415616393576865,0.22606122910770954,0.20605399397826799,0.17640106970697786,0.16747943537121268,0.16824201896632945,26.035018386943424,27.759165735601904,26.205815877454672,307.5391353236189,284.80147824275855,306.7985174889009,0.0,0.128347070647385,0.0,0.10848672591740412,0.0,0.03580071467773807,0.0,0.041415161588046576,0.0,0.13984506445305198,0.0,0.035301367483257365,0.0,0.0,0.0,0.039835088064717326,0.0,0.13414302032538775,0.0,0.04920501254416597,0.0,0.04367427257365152,0.0,0.11805914344115868,0.0,0.12588735828403566,0.0,0.0,0.09515688416607015,0.0,0.08001729912503483,0.0,0.02835202764624701,0.0,0.03310377804534623,0.0,0.10170546269497492,0.0,0.02855368887069054,0.0,0.0,0.0,0.03143298459432987,0.0,0.09850371187607423,0.0,0.03949046421018773,0.0,0.03492595614252673,0.0,0.08719557940338653,0.0,0.09271893016467649,0.0,0.0028213220654821035,2.5274983618080276,0.5041716420759345,0.9297951044643937,0.4577985841569829,0.21791717573843616,0.22313877377238445,0.23465981038459835,0.4398931466441129,0.3833328674582308,0.4342313045310094,0.3739018304427656,0.44527189665156125,0.3950477739249845,0.00566184211310354,0.21246495942146237,0.11392704640630405,0.20979943454330624,0.11119700832568064,0.21499720805571065,0.11732078319081615,0.002665524878156102,0.30748744499982256,0.2330058612497717,0.23697539124990302,0.2225313024998639
2.0e7,40.0,3.0,2.0,2.0,1.0,0.2,0.001,0.001,0.005,0.75,0.75,1.0,0.2941036558831302,0.2555143996936445,0.21131604520466415,0.23906589921856114,0.20011345013801285,0.1832559232693294,0.160088590412423,0.1750205957459594,26.909044560608635,26.463754029791442,26.627201409599923,296.1075614409188,301.75311035457065,300.5523654810525,0.0,0.14633780437012198,0.0,0.1421539573803357,0.0,0.03080175939990225,0.0,0.015604411633088242,0.0,0.13031549831580563,0.0,0.027016937387947925,0.0,0.0,0.0,0.021911983504889803,0.0,0.14802946677614073,0.0,0.023373990368111646,0.0,0.019436150309102763,0.0,0.14601428216587323,0.0,0.14900375838868007,0.0,0.0,0.10491749071825673,0.0,0.10270890186873487,0.0,0.025767429898495613,0.0,0.012386326594890825,0.0,0.09304441474691828,0.0,0.02262864185918043,0.0,0.0,0.0,0.018101429500818382,0.0,0.10623297984582014,0.0,0.01971340140503013,0.0,0.015798978713786188,0.0,0.10452419651774195,0.0,0.1062114266692634,0.0,0.04848049452886142,2.8780202116585505,0.5815883686866861,1.1722442130338728,0.4582201010635447,0.21773188424585652,0.22357492384893093,0.23464517721461378,0.44347547237102075,0.3952194012930265,0.4271444256849588,0.3662160726448475,0.45898996672277964,0.4306513563216111,0.016331046686061963,0.21557974514585462,0.11521048442747883,0.20773890395602584,0.10678928221080093,0.22302854427619198,0.1255078539079465,0.007840841189828814,0.3096344974997796,0.24933061750001628,0.2086481712498654,0.23238671374982406
2.0e7,40.0,3.0,2.0,2.0,1.0,0.2,0.001,0.001,0.005,1.0,1.0,1.0,0.2959069155051714,0.28969840612786635,0.21436910059060554,0.2000255777763568,0.10906606877644302,0.09979029694946456,0.07902495667980203,0.0707273843457773,27.657980352334423,26.667523907359783,25.674495740305794,161.89591910966752,168.92787475279266,173.2995386932568,0.0,0.1856290091317217,0.0,0.15463718168682322,0.0,0.0,0.0,0.0,0.0,0.15973380918145502,0.0,0.0,0.0,0.0,0.0,0.0,0.0,0.14881668201018433,0.0,0.0,0.0,0.0,0.0,0.1786747206291822,0.0,0.17250859736063348,0.0,0.0,0.053434741207212456,0.0,0.048598339773975416,0.0,0.0,0.0,0.0,0.0,0.04969184257161084,0.0,0.0,0.0,0.0,0.0,0.0,0.0,0.04760209548762385,0.0,0.0,0.0,0.0,0.0,0.052448713198380584,0.0,0.05168247527365483,0.0,0.0,0.0,4.102564102564101,7.888609490466176e-31,0.4473699325372759,0.06382668640242353,0.2435285935921766,0.20384133894509932,2.110412011814717,0.009243741295860634,0.1213720242512618,0.038946621914138536,4.0,0.0,1.9890399875634552,0.7186875069390131,0.2124895613385073,0.1213720242512618,0.038946621914138536,1.286137215492377,0.7681399453436298,0.5973154826877513,0.28949887374994493,0.2972467925000404,0.21766755750005684,0.19558677624983156
2.0e7,40.0,3.0,2.0,2.0,1.0,0.2,0.001,0.001,0.011180339887498947,0.0,0.0,1.0,0.3465534529692526,0.24583246967597386,0.20920271615540464,0.19841136119936884,0.21859409777123828,0.17843658196781118,0.15866722383010248,0.15263566219884317,26.854490841417174,26.5392878033729,26.606221355209925,251.20575713914775,254.47300426008707,254.30566081473722,0.0,0.08839427425587365,0.0,0.07827164842935287,0.0,0.09031078664940075,0.0,0.08515904665783075,0.0,0.08167306768482957,0.0,0.08335532314692648,0.0,0.0,0.0,0.08291694956016947,0.0,0.08069238857264507,0.0,0.08000692749961513,0.0,0.09095068244718431,0.0,0.07698468738973958,0.0,0.08128421770643235,0.0,0.0,0.0572404035460803,0.0,0.05011739218401562,0.0,0.059052977056097626,0.0,0.0550959799458259,0.0,0.05218618721381092,0.0,0.054418118050398694,0.0,0.0,0.0,0.05339692635062406,0.0,0.05233789268276006,0.0,0.05189020407839864,0.0,0.05944340085422329,0.0,0.049237551883801724,0.0,0.052189640029235304,0.0,-0.018755393402478143,1.3655893463098867,0.5982154881333276,0.7283046635908565,0.42012365074221425,0.19606965487413924,0.20467472479744073,0.2154489259447735,0.8024525525702998,0.5024542962128185,0.8025259846549891,0.5036539725436737,0.8023827920898449,0.5033096099848745,-7.343208468936866e-5,0.3931117047986375,0.1621877438714247,0.3931473497959075,0.1625740889341874,0.39307784205123103,0.16246276642667026,-3.5644997269982536e-5,0.35036721374979674,0.2485087649997053,0.20346960249986215,0.19765441874979472
2.0e7,40.0,3.0,2.0,2.0,1.0,0.2,0.001,0.001,0.011180339887498947,0.25,0.25,1.0,0.3022134595992523,0.22921397615477912,0.26761993652111465,0.200952627724854,0.20360392861716356,0.16996282674425822,0.18871829403502172,0.15418454104203408,27.059062885607617,26.974276945873502,25.966660168518878,246.77745213090546,248.9576117133386,258.0677320666862,0.0,0.11200118961104502,0.0,0.10452569002635055,0.0,0.05756496207972433,0.0,0.06417217837932342,0.0,0.10104452771974846,0.0,0.0619432437809309,0.0,0.0,0.0,0.059427536976247954,0.0,0.10110811938288225,0.0,0.06771041568275468,0.0,0.05817263982374223,0.0,0.10537978442334532,0.0,0.10694971211390489,0.0,0.0,0.06985509209964039,0.0,0.06589003330225861,0.0,0.03732872339416408,0.0,0.04273029424465961,0.0,0.06324030271178208,0.0,0.041125917739509195,0.0,0.0,0.0,0.03915489511801267,0.0,0.06369399457136507,0.0,0.04484681845058521,0.0,0.03815766076710071,0.0,0.06656978482767267,0.0,0.06700116799190614,0.0,-0.008267582874023174,1.7802314670696238,0.7628065353996369,1.0286265468286109,0.474324293616734,0.19892304656456472,0.23118376508663016,0.2431405285301037,0.8125472554282863,0.5066355449618494,0.8090361132406838,0.5033130219662925,0.8158828405065088,0.5126368218814856,0.0035111421876026145,0.4001606469996222,0.1637061593243978,0.39846084365276013,0.16266905143620364,0.40177546017914106,0.16558785869236606,0.0016998033468620295,0.29174347249989424,0.22311080124991908,0.27271121874992554,0.21243450749988482
2.0e7,40.0,3.0,2.0,2.0,1.0,0.2,0.001,0.001,0.011180339887498947,0.5,0.5,1.0,0.3652989463722808,0.22532230831542735,0.2647799519566693,0.1445987933556226,0.22377529951856157,0.16782006972845515,0.18762829509135592,0.1173432795693307,26.7670654018297,26.56751002402722,26.665424574143078,250.29154063662756,252.05028141029157,250.99390083374934,0.0,0.1218706446182975,0.0,0.12412787365956256,0.0,0.0426613434632587,0.0,0.049564363913090895,0.0,0.13174929406948366,0.0,0.03996546861302953,0.0,0.0,0.0,0.04166619490743361,0.0,0.11744240736431072,0.0,0.03865151590824911,0.0,0.047401608477688414,0.0,0.12162142379880979,0.0,0.1232778612067855,0.0,0.0,0.07494075470379541,0.0,0.0761732729025485,0.0,0.028772862346410424,0.0,0.034138626123967016,0.0,0.08029677383258847,0.0,0.02691978515341658,0.0,0.0,0.0,0.028186604772153987,0.0,0.0729350423389909,0.0,0.025683044991942162,0.0,0.032214797666677245,0.0,0.07472974907638527,0.0,0.07673562569614546,0.0,-0.030812239954875552,2.079198977066219,0.902779244290042,1.3309601720342192,0.4143854862645899,0.1937858933244495,0.2021129977753373,0.2122724884892525,0.8081860196306913,0.5178938030130638,0.7980292392907733,0.5058765270715402,0.8178349609536134,0.5340175387542783,0.010156780339917963,0.4016808617299806,0.1647620682181884,0.3966715110036295,0.16093231906897282,0.40643974492001417,0.16987856769833903,0.005009350726351112,0.35567828374956645,0.22719453000004664,0.27339397125008186,0.14373321499987146
2.0e7,40.0,3.0,2.0,2.0,1.0,0.2,0.001,0.001,0.011180339887498947,0.75,0.75,1.0,0.3108695605072467,0.30067530551803856,0.2141580353245536,0.1742970986501612,0.20670065806448223,0.20246014847632093,0.16184228391350144,0.13759462985327603,25.94346183647434,26.880890117728327,27.17564804579733,255.7849846025542,246.5468660573793,242.0306593734046,0.0,0.13552022858220952,0.0,0.1565152288047095,0.0,0.018825722565237638,0.0,0.018022403165422047,0.0,0.14643438492031197,0.0,0.023207497321805704,0.0,0.0,0.0,0.017643635130909163,0.0,0.1641279367151146,0.0,0.01758439485642251,0.0,0.019752855847063565,0.0,0.13288393983978114,0.0,0.14948177225101264,0.0,0.0,0.0804209936385961,0.0,0.0926609937704307,0.0,0.012618161976596268,0.0,0.011962194250820372,0.0,0.08715173260367497,0.0,0.015593639364525718,0.0,0.0,0.0,0.011897705733184133,0.0,0.09545678052502933,0.0,0.011612235325077257,0.0,0.012993243518375386,0.0,0.07910199894053846,0.0,0.08881612824554082,0.0,0.016047612997354826,2.4295500564638917,1.1385092482879478,1.808678221623619,0.4099488508776485,0.18833471479609748,0.20010306521453025,0.20984578566311823,0.84484581161113,0.5533386969193803,0.8137759752580598,0.5135045190479317,0.8743621561465468,0.6056381279579737,0.03106983635307027,0.4121489987552551,0.16639914438806952,0.3972641305613495,0.1545801522571493,0.42628962353946537,0.18179413715853407,0.014884868193905585,0.30570689124994993,0.3006187374998338,0.22537460999980596,0.16829976124972476
2.0e7,40.0,3.0,2.0,2.0,1.0,0.2,0.001,0.001,0.011180339887498947,1.0,1.0,1.0,0.2900759588846689,0.3100922688837628,0.22674921240282153,0.17308255982874668,0.09885598326358087,0.09910505520034149,0.08630576029052203,0.0724956447771521,26.53441702586572,26.92534561525858,26.540237358875704,150.96857459326475,151.5142115558626,153.74559674652744,0.0,0.16161118407715644,0.0,0.16363346313147428,0.0,0.0,0.0,0.0,0.0,0.1747553527913693,0.0,0.0,0.0,0.0,0.0,0.0,0.0,0.16188422156198767,0.0,0.0,0.0,0.0,0.0,0.1632328964870613,0.0,0.174882881950951,0.0,0.0,0.04518329577878085,0.0,0.04522735874216097,0.0,0.0,0.0,0.0,0.0,0.046768357856073306,0.0,0.0,0.0,0.0,0.0,0.0,0.0,0.04527201506168588,0.0,0.0,0.0,0.0,0.0,0.04546526189916775,0.0,0.04702537444308404,0.0,0.0,0.0,4.102564102564101,7.888609490466176e-31,0.4371897616623582,0.061175405150763,0.2318157039320445,0.20537405773031364,2.170644781545375,0.01609549578018149,0.24500770948787579,0.06781509440901948,4.0,0.0,1.9256370720574993,0.7824845127964444,0.18303038891787557,0.24500770948787579,0.06781509440901948,1.2930874759395847,0.6264692197556816,0.5374768033085686,0.2948655474998281,0.31092649874974626,0.22645952374988562,0.16774842999982958
2.0e7,40.0,3.0,2.0,2.0,1.0,0.2,0.001,0.001,0.011180339887498947,0.0,0.0,1.0,0.3119223479487584,0.2477902056783219,0.24360565035524165,0.19668179601767802,0.2069673601462141,0.17930740153100683,0.1774873534709046,0.15126119059810886,27.179778156678992,26.42320069871107,26.397021144609937,247.81452953480772,256.04399654754945,256.37587559086444,0.0,0.08840774231068098,0.0,0.08018273860095897,0.0,0.087521884026562,0.0,0.08203630099798327,0.0,0.07950007752777348,0.0,0.08572262579318746,0.0,0.0,0.0,0.07818900398949978,0.0,0.07709383877256452,0.0,0.08256910791282733,0.0,0.08736410903532726,0.0,0.08435125086937496,0.0,0.08706132016325999,0.0,0.0,0.05814689281808772,0.0,0.052127296857990765,0.0,0.05669952522421436,0.0,0.05269000105579302,0.0,0.05192790437056343,0.0,0.05629880150498957,0.0,0.0,0.0,0.05013578591271219,0.0,0.05025659924172872,0.0,0.053707212491110004,0.0,0.056547786681214136,0.0,0.054349900873153244,0.0,0.05698335617978182,0.0,0.0008317027315720653,1.4084288831316387,0.5927778219112035,0.7206932943401132,0.4505538215642676,0.19737132624711126,0.21949047682579184,0.23106334473847573,0.7962274420899285,0.5028633303372539,0.7962053747722161,0.503902822706854,0.7962484060417553,0.5038918458711572,2.2067317712411515e-5,0.3923551787722907,0.1623807443375551,0.3923394211858216,0.1627282774941916,0.3923701484794362,0.16269998113337336,1.5757586469010164e-5,0.3276406862497822,0.23533962999998387,0.24199349499989353,0.19502618874983288
2.0e7,40.0,3.0,2.0,2.0,1.0,0.2,0.001,0.001,0.011180339887498947,0.25,0.25,1.0,0.31608548382858426,0.24179348240036208,0.22907151782936017,0.21304951594169355,0.20866594313312575,0.1760891926137565,0.16997909527636648,0.16101304498533808,26.426459809641123,26.55542346914314,27.018116721215737,255.5276115206571,254.5439671416752,248.9237009510607,0.0,0.11027755498458028,0.0,0.09919420837809954,0.0,0.06805731288570484,0.0,0.05745525930804114,0.0,0.09986324445204198,0.0,0.06735879903562228,0.0,0.0,0.0,0.06193570767023847,0.0,0.11018075360106923,0.0,0.0563387565922913,0.0,0.06979913223338154,0.0,0.09906375977423558,0.0,0.10047551108469382,0.0,0.0,0.06937243102433735,0.0,0.06255098431093713,0.0,0.045567422252677396,0.0,0.037601673515284255,0.0,0.06281299615903017,0.0,0.044635075065411554,0.0,0.0,0.0,0.041327992693940545,0.0,0.07006936520174498,0.0,0.03634346665568703,0.0,0.04625492836880476,0.0,0.061961898558357625,0.0,0.06346845902808466,0.0,0.0007700332905537129,1.7324379187153651,0.7628530396705577,1.0207765828028594,0.4548085484192902,0.19954556964146097,0.22163467760659963,0.23317387081269053,0.8088761033530371,0.5071175602874826,0.8053887596421448,0.5036881986501774,0.8121890798783844,0.5131731350067976,0.003487343710892063,0.39420235602009707,0.16239740577555245,0.3925258904737078,0.16132476695730819,0.3957949982891667,0.16429068029712957,0.0016764655463891935,0.3143442049999807,0.2508793674999569,0.21604832750006028,0.21872809999993742
2.0e7,40.0,3.0,2.0,2.0,1.0,0.2,0.001,0.001,0.011180339887498947,0.5,0.5,1.0,0.2745615847465786,0.20041821108787716,0.2949846891675173,0.23003551499802696,0.19176894025733268,0.15414243711336514,0.20082314950307836,0.17075422195535148,26.645127464159586,26.42126997659611,26.933602559244303,252.79032280964316,255.47238659695938,249.1269593796161,0.0,0.126018490221195,0.0,0.1336113995215889,0.0,0.038337186759045176,0.0,0.044009554499469195,0.0,0.11889958089446771,0.0,0.04622291270983818,0.0,0.0,0.0,0.034317767537901805,0.0,0.13443155225380266,0.0,0.037744257625319015,0.0,0.041697251850152675,0.0,0.12582241245431042,0.0,0.11888763367290926,0.0,0.0,0.07771083243455615,0.0,0.08284453497471533,0.0,0.02613394544641654,0.0,0.029770396400989312,0.0,0.07364202085689156,0.0,0.031480221631643254,0.0,0.0,0.0,0.02203978375189735,0.0,0.08277103310880855,0.0,0.02506687833300083,0.0,0.028386516487386004,0.0,0.07791130804743965,0.0,0.07244662369803007,0.0,0.001224255487541359,2.13729079592064,0.9162995898352081,1.3634750045482769,0.523984679134969,0.20039780251197703,0.25565492565652115,0.2683297534784479,0.8063415613286028,0.5197287550436599,0.7963836963997362,0.5078218886279381,0.815801533011026,0.5356444300267411,0.009957864928866557,0.39633987399251414,0.16300039725288962,0.391481129420639,0.15927530556054975,0.4009556813357955,0.16796688522730033,0.004858744571875117,0.2904229587497964,0.19769141999977402,0.2901343062503496,0.22175131500003348
2.0e7,40.0,3.0,2.0,2.0,1.0,0.2,0.001,0.001,0.011180339887498947,0.75,0.75,1.0,0.35466878862951173,0.16253070208162768,0.2403429797031678,0.24245752958569283,0.22081679164763304,0.1296140649688405,0.17544742872463892,0.17746045256049997,26.815144843603065,26.551270136040547,26.63358502035639,248.1632291803662,251.3479857202266,249.73416027745606,0.0,0.14957500974583277,0.0,0.1320055746108014,0.0,0.022018132110103773,0.0,0.023760538957747837,0.0,0.15285051650830464,0.0,0.019851382230478765,0.0,0.0,0.0,0.017936208725766182,0.0,0.13898327144537384,0.0,0.018816571176857155,0.0,0.021113704382571978,0.0,0.16108083549550914,0.0,0.14200825461065253,0.0,0.0,0.08939066261244048,0.0,0.07803161449109038,0.0,0.01473460766478212,0.0,0.01627660936123939,0.0,0.09022826809685114,0.0,0.01346054225442402,0.0,0.0,0.0,0.011651843891728663,0.0,0.08289459220604432,0.0,0.01261589864336497,0.0,0.014869013754145996,0.0,0.09574375896678895,0.0,0.08521233550902808,0.0,0.015282521373193261,2.4344938823052797,1.0987554329751255,1.73670535112479,0.4803218174767375,0.20812038278197034,0.23506772612606808,0.24525409135066945,0.8301604714013413,0.5415369500157808,0.799869491820116,0.503016099578879,0.8589369020035054,0.5917595475795315,0.030290979581225383,0.40690368793555015,0.16469993658823182,0.39242667059617914,0.15317351615901031,0.4206568544079526,0.17970463928948502,0.014477017339370983,0.3591226512497312,0.16011759749981513,0.24739247124994682,0.2333672799998106
2.0e7,40.0,3.0,2.0,2.0,1.0,0.2,0.001,0.001,0.011180339887498947,1.0,1.0,1.0,0.31382984089834215,0.24890272506095976,0.2614596104744661,0.17580782356623204,0.10197921153176741,0.09636766834875235,0.09107681787603338,0.07480613467799405,26.554298524761194,26.98000116777771,26.465700307461095,152.01003857282274,153.81868543557638,156.33507043380416,0.0,0.17156618907965618,0.0,0.16168536046192442,0.0,0.0,0.0,0.0,0.0,0.16674845045841943,0.0,0.0,0.0,0.0,0.0,0.0,0.0,0.16939408642255077,0.0,0.0,0.0,0.0,0.0,0.16381461034363276,0.0,0.1667913032338165,0.0,0.0,0.04702170977524162,0.0,0.04507369782940002,0.0,0.0,0.0,0.0,0.0,0.046423000398602386,0.0,0.0,0.0,0.0,0.0,0.0,0.0,0.046417730606216255,0.0,0.0,0.0,0.0,0.0,0.04564024528045119,0.0,0.046143339099212914,0.0,0.0,0.0,4.102564102564101,7.888609490466176e-31,0.43324578602973035,0.06080785122151111,0.2522401660999389,0.18100561992979144,2.167280434296386,0.01565618219606226,0.23810194408205573,0.0659641360670656,4.0,0.0,1.92917849021433,0.7748098786074283,0.18557413983239981,0.23810194408205573,0.0659641360670656,1.2846824164065325,0.6365597320170443,0.5367079345253727,0.30611019249984156,0.24557390749982097,0.2542483812499731,0.19406751874969805
2.0e7,40.0,3.0,2.0,2.0,1.0,0.2,0.001,0.001,0.025,0.0,0.0,1.0,0.2966965001835278,0.2464300432538865,0.278230402598311,0.17864305396427477,0.20138489966613404,0.17914160745673394,0.19378028567902864,0.14058561263624272,26.586111800771565,26.314009538110582,27.099878661117852,185.37456177124483,189.6636214489422,180.30697080805464,0.0,0.08217021487943252,0.0,0.08559594663355852,0.0,0.08580453689974794,0.0,0.07785871095229384,0.0,0.08541396331033538,0.0,0.08339632870020396,0.0,0.0,0.0,0.08433331059259386,0.0,0.08220360237757764,0.0,0.07955483585806468,0.0,0.08383062589829857,0.0,0.08691865211563043,0.0,0.08291927178226269,0.0,0.0,0.03805697645322654,0.0,0.04093485243647911,0.0,0.04107755985784098,0.0,0.03636744950734833,0.0,0.04036396075103484,0.0,0.039692878709052665,0.0,0.0,0.0,0.039976313683542694,0.0,0.03812086630434732,0.0,0.03684917527470906,0.0,0.04031744472941207,0.0,0.041693856071076896,0.0,0.0391044820059545,0.0,-0.002277197095711275,1.0363862170119882,1.0097387275216376,0.9213972982077271,0.46146354960117086,0.16810880059680944,0.22481401847720175,0.23664953112396914,1.3253263316414148,0.4730156731409589,1.3253686886491078,0.4747888540880054,1.3252860924841061,0.4744795254219193,-4.2357007693316295e-5,0.6551320701564803,0.1634281110648519,0.6551532501523049,0.16404053489820375,0.6551119491604473,0.16393006771877366,-2.1179995824380694e-5,0.2839444437500094,0.255778979999902,0.2830767950000168,0.1771997812496884
2.0e7,40.0,3.0,2.0,2.0,1.0,0.2,0.001,0.001,0.025,0.25,0.25,1.0,0.29090562967190947,0.2177739281792262,0.26283200206488877,0.22848844008397554,0.19893725676401844,0.1638259594386957,0.1866906877694145,0.1695477185976045,26.58552513413749,26.737400236811098,26.67707462905141,185.56386113157996,184.82727780498655,184.1991604767821,0.0,0.10570994551611414,0.0,0.10620528159970656,0.0,0.060723810515343854,0.0,0.058732175903767996,0.0,0.10367316924037948,0.0,0.06361992007667111,0.0,0.0,0.0,0.06496032139109326,0.0,0.10310846093841883,0.0,0.06610911438282698,0.0,0.05918511476749362,0.0,0.1054507871971785,0.0,0.10252189847100564,0.0,0.0,0.04861367988844725,0.0,0.049297053262851366,0.0,0.02908939772886433,0.0,0.028285371148360605,0.0,0.04738827282698196,0.0,0.03063874044041052,0.0,0.0,0.0,0.031686803285330134,0.0,0.04759337858116862,0.0,0.03221653499577302,0.0,0.02852363682174317,0.0,0.04863275909089157,0.0,0.04673264304858194,0.0,-0.009014499499194466,1.2845434012942645,1.253388287917175,1.179365608935374,0.4920630413026636,0.17555315371977856,0.23992499964492608,0.2521380416577375,1.325105070685046,0.47297946790677275,1.319538883709828,0.4707905630424846,1.330392948311503,0.47934881115272704,0.0055661869752178334,0.6564932083999501,0.16357384989630647,0.653799982391229,0.16283078534424297,0.6590517731082349,0.1657363255365451,0.002693226008720915,0.2989929449999687,0.21747275874989833,0.2501679399998871,0.23336635625005447
2.0e7,40.0,3.0,2.0,2.0,1.0,0.2,0.001,0.001,0.025,0.5,0.5,1.0,0.3000731874959341,0.23568706607294077,0.2782151262102708,0.18602462022085448,0.20192732030331234,0.1730903377235185,0.19328953278926667,0.14466434479084467,27.006266777429623,26.389448867252842,26.604284355317535,180.65769661638737,185.61456557136933,183.21534167540963,0.0,0.12343818897565616,0.0,0.130715331626926,0.0,0.04155135185825823,0.0,0.04364885174173046,0.0,0.11621370743257181,0.0,0.04362973785390345,0.0,0.0,0.0,0.043267943429558704,0.0,0.12173194184822546,0.0,0.04115956021335777,0.0,0.0439187017267388,0.0,0.12407839310675595,0.0,0.12664629018631718,0.0,0.0,0.05503112213507762,0.0,0.05889993001730176,0.0,0.020517784194778177,0.0,0.021393791142727197,0.0,0.051706093315575165,0.0,0.02188155305654666,0.0,0.0,0.0,0.021210130765981234,0.0,0.05530345507310105,0.0,0.019683025335314675,0.0,0.021706721455090394,0.0,0.05528803303652047,0.0,0.05722066017986075,0.0,0.004178794212289208,1.5096780871224056,1.4990768688547038,1.4839345692317925,0.4671984271188681,0.16962214186421182,0.22816729263354776,0.23903113448532026,1.3355795866273448,0.4860221497140377,1.3187688182555333,0.4758718122758231,1.3515498165805655,0.5028389334406552,0.016810768371811412,0.6627987485054827,0.1625629472377069,0.65474175339154,0.15922978077544836,0.670452893863728,0.16809292398435902,0.00805699511394262,0.31416949500005265,0.23790812624972127,0.26595643875000063,0.181965939999857
2.0e7,40.0,3.0,2.0,2.0,1.0,0.2,0.001,0.001,0.025,0.75,0.75,1.0,0.31666634351853645,0.2604098841438954,0.29468370029535,0.12824007204221824,0.2083535815894018,0.1845239346185904,0.20029916223365793,0.10588182276591133,26.531472081584884,26.818847843397343,26.649680075017773,185.3121637441368,180.65723750544623,184.21207933223135,0.0,0.1357127549604025,0.0,0.14873329451481698,0.0,0.02200089461106141,0.0,0.022207614044021443,0.0,0.14679729045570608,0.0,0.02239060570052191,0.0,0.0,0.0,0.019664022518665416,0.0,0.1478612792854845,0.0,0.023075326495815195,0.0,0.017541078192162322,0.0,0.14125353659702575,0.0,0.15276230262431653,0.0,0.0,0.058390379791449315,0.0,0.06512471462379135,0.0,0.011190942241366337,0.0,0.010948731191350774,0.0,0.06439906872739391,0.0,0.011867402519344912,0.0,0.0,0.0,0.009426830884403542,0.0,0.0649425921581734,0.0,0.01222580754141871,0.0,0.007774437885151479,0.0,0.060042532845912606,0.0,0.06709143961434334,0.0,0.021267557151802383,1.772032489182111,1.764099624644038,1.8151414392911627,0.42783195587329037,0.1605999415740306,0.20977933008919858,0.2180526257840918,1.3407416809274564,0.5032286657703399,1.2919210662383034,0.4693468537203849,1.387121264882152,0.5551907953933831,0.048820614689153136,0.6621070402818027,0.16222805055302553,0.6392233799846659,0.15175362750514715,0.6838465175640823,0.1782155524518072,0.022883660297136583,0.29785273874969953,0.259061141249779,0.30824420625026927,0.13484191374960475
2.0e7,40.0,3.0,2.0,2.0,1.0,0.2,0.001,0.001,0.025,1.0,1.0,1.0,0.28608056743996846,0.23722949932058335,0.24561389052145055,0.23107604271799762,0.1104027614003317,0.09233765919917002,0.08643927131340673,0.07883542805700469,26.788560678413294,26.909028782831733,26.30241053875497,122.6753047441366,124.07981468163159,127.68435419430261,0.0,0.170388783589512,0.0,0.16246506319638537,0.0,0.0,0.0,0.0,0.0,0.16714615321410262,0.0,0.0,0.0,0.0,0.0,0.0,0.0,0.163139829825565,0.0,0.0,0.0,0.0,0.0,0.16480921723282127,0.0,0.1720509529416137,0.0,0.0,0.03847995522370101,0.0,0.037265786079766904,0.0,0.0,0.0,0.0,0.0,0.037810613476125715,0.0,0.0,0.0,0.0,0.0,0.0,0.0,0.03750716590422991,0.0,0.0,0.0,0.0,0.0,0.03759832606582262,0.0,0.03873494353763093,0.0,0.0,0.0,4.102564102564101,7.888609490466176e-31,0.47402134696551435,0.06613856209762176,0.267885738017399,0.20613560894811536,2.2684306439190953,0.021362882936275248,0.4457260585707745,0.09000815774535911,4.0,0.0,1.8227045853483206,0.8872063253546344,0.1361561629235139,0.4457260585707745,0.09000815774535911,1.3066125787993013,0.42524942619224937,0.4414802667838598,0.2893028674997799,0.22494609874984609,0.24586166875004958,0.2398893649998702
2.0e7,40.0,3.0,2.0,2.0,1.0,0.2,0.001,0.001,0.025,0.0,0.0,1.0,0.27957444280141985,0.23000973999945887,0.24680117795549006,0.24361463924363116,0.19388395839550515,0.17013039316346573,0.17937577080084796,0.17733969723519027,26.865964007446443,26.557278913484506,26.57675707906905,183.64383390725763,186.01029980644333,185.8094308088188,0.0,0.08114768715846182,0.0,0.08242153569880357,0.0,0.08488810083954995,0.0,0.0832405856533008,0.0,0.08186669267407264,0.0,0.08176206490210751,0.0,0.0,0.0,0.08654669102518382,0.0,0.07817545121247493,0.0,0.08429052448385975,0.0,0.0848896105616883,0.0,0.08386878006284555,0.0,0.08690227572765136,0.0,0.0,0.03773267555855757,0.0,0.038745477054811434,0.0,0.040637027852188305,0.0,0.039828679688762435,0.0,0.0384999327304892,0.0,0.03816963582988605,0.0,0.0,0.0,0.04175695662729526,0.0,0.036525947654870335,0.0,0.03974284719168625,0.0,0.04045156531972679,0.0,0.039197474110827135,0.0,0.041538030442688285,0.0,0.007021182943267614,1.0113966757651163,0.990855152359899,0.8918438735818163,0.49738878088342187,0.17656585270549294,0.2423153900572993,0.2550733908261225,1.323435261803454,0.4751503065016704,1.3234465250132048,0.47680964038194035,1.323424561754191,0.4767110600553068,-1.1263209750634166e-5,0.6553120053316692,0.16489954732722473,0.6553079665179785,0.16547075320956176,0.6553158422046755,0.16544051935758508,4.038813690753684e-6,0.29699782999965163,0.22430112749987127,0.2337428462500248,0.24495819625019613
2.0e7,40.0,3.0,2.0,2.0,1.0,0.2,0.001,0.001,0.025,0.25,0.25,1.0,0.26343209230932824,0.22784989289722815,0.28817530204581654,0.22054271274762705,0.18717792030978136,0.16929686335307867,0.1981150640452466,0.165153440540635,26.74823812509788,26.499548805580623,26.752213069321495,185.24774773260222,186.34629769920136,183.08903935579613,0.0,0.10609331771703792,0.0,0.10217295265705818,0.0,0.0658509477305029,0.0,0.0621121368271035,0.0,0.1023898998672278,0.0,0.06090422300532094,0.0,0.0,0.0,0.06530832692731517,0.0,0.10269159707268906,0.0,0.06324532704192627,0.0,0.06253264652596406,0.0,0.10695473294695929,0.0,0.09974389168089491,0.0,0.0,0.04886671234519209,0.0,0.04755270917926564,0.0,0.03181953907403083,0.0,0.029902952765275756,0.0,0.04715246337830731,0.0,0.029398709129322333,0.0,0.0,0.0,0.03135324004422284,0.0,0.048040905165906915,0.0,0.03029883435736138,0.0,0.030153046998440396,0.0,0.049313345228616016,0.0,0.04599385725574745,0.0,-0.002531897081561272,1.2768179913023676,1.23421665322728,1.1590226655958742,0.5073174336117762,0.1716131272954049,0.2473623237099755,0.2599551099018005,1.3227827269394212,0.47072831339493515,1.3173020621966691,0.4685642721051046,1.3279893584450355,0.477016608992535,0.005480664742752095,0.6563355284941801,0.1629660259505472,0.6536424584233723,0.16222523706076306,0.6588939450614475,0.16511132416740495,0.0026930700708078506,0.2723620712503223,0.2286727912500729,0.27294418499994105,0.22602095249969065
2.0e7,40.0,3.0,2.0,2.0,1.0,0.2,0.001,0.001,0.025,0.5,0.5,1.0,0.3011642721575405,0.17380327228870707,0.2539768053346219,0.27105565021913053,0.20354029037304563,0.1373772616621499,0.1826109438378964,0.1910648088400529,26.868639340631148,26.545718636348965,26.585642023019886,184.63905859843376,188.39704926450761,187.36239323515224,0.0,0.1299242872264285,0.0,0.1228440987308834,0.0,0.04054243246986486,0.0,0.041151762991568724,0.0,0.12400922366615426,0.0,0.03817012287943762,0.0,0.0,0.0,0.041100396327755764,0.0,0.12500427361087368,0.0,0.036374463256974264,0.0,0.03808018121776771,0.0,0.13489032167275988,0.0,0.12790843594953133,0.0,0.0,0.05911695726202005,0.0,0.055027395179737384,0.0,0.019561153196165956,0.0,0.020248981023881996,0.0,0.0559925831191462,0.0,0.018525688305093168,0.0,0.0,0.0,0.020535257293132367,0.0,0.05645471480812513,0.0,0.01687637435620583,0.0,0.01784519332897196,0.0,0.06191943979566386,0.0,0.05881948141652419,0.0,0.0220508432193976,1.5889271155640776,1.5065736373840857,1.5054518068884553,0.5180724492419615,0.1846081987415569,0.25307107246815636,0.26500137677380514,1.3208000529754955,0.4926287692704642,1.3044038392290263,0.482483119290688,1.3363764560346414,0.5092700777409016,0.01639621374646916,0.6489823209254836,0.1649271414847153,0.6412111389385624,0.16158353187917057,0.6563649438130587,0.170376000561617,0.007771181986921141,0.28811414374999417,0.1830986162496838,0.26853868750013127,0.26024855249991696
2.0e7,40.0,3.0,2.0,2.0,1.0,0.2,0.001,0.001,0.025,0.75,0.75,1.0,0.2933607531466248,0.1819592010022666,0.24382014895443616,0.28085989689667246,0.20001174824599324,0.14290385191455277,0.1784677696125441,0.19546295396756386,26.486046028552998,26.663918852004507,26.850035119442495,185.9714147450034,183.38049473346476,180.6639758666833,0.0,0.14083176439823533,0.0,0.14927166392935198,0.0,0.022965364001924223,0.0,0.02170168490546195,0.0,0.14634240992542166,0.0,0.020665054407496976,0.0,0.0,0.0,0.02355836952453503,0.0,0.14728301542872135,0.0,0.017213776821456844,0.0,0.01763029485387251,0.0,0.14353470591473855,0.0,0.14900189588878357,0.0,0.0,0.06084758359016962,0.0,0.06535274035987206,0.0,0.01168422275612535,0.0,0.010777954346099424,0.0,0.06340711248549201,0.0,0.01028247147483272,0.0,0.0,0.0,0.012312615104234526,0.0,0.06448977705692932,0.0,0.008053634829412513,0.0,0.008101968484708445,0.0,0.06236840719229108,0.0,0.06417184937840562,0.0,0.006747557958469004,1.7559684244868454,1.7938953491995462,1.8270194017663755,0.5202723776232918,0.18334330528356685,0.2553675442177203,0.26490483340557147,1.3499847460834684,0.5041513447743492,1.3002023128542575,0.46980224925110103,1.3972780576512192,0.5573357347613828,0.04978243322921105,0.662287892978308,0.162057392635852,0.6394316635988258,0.15158040725896801,0.6840013108888161,0.1780037973908371,0.022856229379482236,0.29587919750007496,0.17188082124981843,0.27041723499958636,0.26182274624973734
2.0e7,40.0,3.0,2.0,2.0,1.0,0.2,0.001,0.001,0.025,1.0,1.0,1.0,0.3092452439308198,0.24087893800672566,0.23757948819002844,0.21229632987242614,0.10209466587657774,0.09041255104988186,0.0876271776486412,0.09375246352715738,26.357764757901958,26.98528638970631,26.656948852391732,127.07053648200358,124.3597501207712,127.84726218136443,0.0,0.16469605890577452,0.0,0.163882182562101,0.0,0.0,0.0,0.0,0.0,0.17142175853212455,0.0,0.0,0.0,0.0,0.0,0.0,0.0,0.16963412252032653,0.0,0.0,0.0,0.0,0.0,0.16148565769524123,0.0,0.16888021978443224,0.0,0.0,0.037603935389250547,0.0,0.03750342506605056,0.0,0.0,0.0,0.0,0.0,0.0384915281317307,0.0,0.0,0.0,0.0,0.0,0.0,0.0,0.03820268110727354,0.0,0.0,0.0,0.0,0.0,0.037229184798867734,0.0,0.03839004134358806,0.0,0.0,0.0,4.102564102564101,7.888609490466176e-31,0.4526270476112211,0.06777781175921824,0.25241242214493453,0.20021462546628657,2.2683851366566663,0.021609035794910147,0.4456326489268411,0.09104527269822248,4.0,0.0,1.822752487729825,0.8810155200005623,0.13793875947538647,0.4456326489268411,0.09104527269822248,1.2946292475205974,0.42935823171620247,0.4353828710737212,0.3059888212501423,0.24574391624978828,0.23274072625004902,0.21552653624999107
2.0e7,40.0,3.0,2.0,2.0,1.0,0.2,0.001,0.001,0.055901699437494755,0.0,0.0,1.0,0.26962002946555397,0.24471603084910945,0.29197135044603606,0.19369258923930058,0.18971491018627387,0.1778258524462391,0.19935989015775857,0.14966488066450784,26.59208585599523,26.720769071068386,26.687145072936385,115.55074743076563,114.13345325066298,115.13493795584101,0.0,0.08496775083512496,0.0,0.08239043570053134,0.0,0.08307133982937003,0.0,0.08452279947095559,0.0,0.08323351482036027,0.0,0.08268763151735381,0.0,0.0,0.0,0.08301903566560913,0.0,0.08625767159679602,0.0,0.0821286843261842,0.0,0.08215475099140272,0.0,0.08436424670198629,0.0,0.08120213854432563,0.0,0.0,0.025091781055824637,0.0,0.023938081526566395,0.0,0.02450003197668402,0.0,0.02512255177130909,0.0,0.024028107459103422,0.0,0.024041020422536738,0.0,0.0,0.0,0.02420255659119897,0.0,0.02555132614262229,0.0,0.023632249322232162,0.0,0.02398304394512933,0.0,0.024929559628832722,0.0,0.023595644447562184,0.0,0.0024647109741827225,0.6360845307550318,1.4087922693121104,0.8056832563613054,0.47834744728342277,0.1387296202736663,0.23304440394498302,0.24530304333843977,1.8622671595036762,0.2680005071985301,1.8622592386464167,0.2701625522232805,1.862274684318073,0.2699633170304101,7.920857259756599e-6,0.925434151863345,0.10305733122763688,0.9254315921543852,0.1038665362852387,0.9254365835868564,0.10382532864337221,2.559708959610885e-6,0.2696885587497074,0.25129231000003294,0.28524351624992506,0.19377561499970158
2.0e7,40.0,3.0,2.0,2.0,1.0,0.2,0.001,0.001,0.055901699437494755,0.25,0.25,1.0,0.32259971818890454,0.22856011091332715,0.2860039368886702,0.1628362340090981,0.21032563597329612,0.16931250081791396,0.19672775881761195,0.12953468160814316,26.92048322663982,26.608829743953905,26.470687029406275,112.92064830462533,115.46771865561736,115.5455784302628,0.0,0.1081882787117623,0.0,0.10677513295693707,0.0,0.06051693691572573,0.0,0.0607697369016813,0.0,0.10243585264245263,0.0,0.06231810070454996,0.0,0.0,0.0,0.062421317365482364,0.0,0.09981264862151952,0.0,0.06348797008400166,0.0,0.06285306595260745,0.0,0.10463412057588219,0.0,0.10578683856739786,0.0,0.0,0.031126936567180286,0.0,0.030670052779199024,0.0,0.017603015663710312,0.0,0.018019484600902604,0.0,0.029072641135463508,0.0,0.01879837456021392,0.0,0.0,0.0,0.01847091840105657,0.0,0.028284753961959033,0.0,0.019078550937628336,0.0,0.018656276603106738,0.0,0.029758510168350683,0.0,0.02992453159475668,0.0,-0.014331313092704828,0.7986005038702951,1.755616043348966,0.9802763952822661,0.4386719692905512,0.13972005934258655,0.21401472973387567,0.22465723955667546,1.862154900535554,0.2680009038279107,1.8543238487363944,0.2682239588620757,1.8695943997447555,0.27320855062314603,0.00783105179915959,0.9264443133456863,0.10328102239410639,0.9227061323642792,0.10334754185528418,0.9299955852780231,0.10525124541801023,0.0037381809814071012,0.33912733249983557,0.22506824499991746,0.27439944749986483,0.1614049749997423
2.0e7,40.0,3.0,2.0,2.0,1.0,0.2,0.001,0.001,0.055901699437494755,0.5,0.5,1.0,0.3159762255013208,0.22054028219220653,0.2516521526859915,0.21183133962048115,0.2083957735031621,0.1649730101173588,0.1812458290719061,0.15965522956861922,26.53470052584997,26.749954347224758,26.71534512692527,115.37266722066106,114.6835602791658,115.24470782095545,0.0,0.12569557912802337,0.0,0.12401813199899267,0.0,0.0423652448685975,0.0,0.04229877820562344,0.0,0.12355873896895894,0.0,0.04214888793617289,0.0,0.0,0.0,0.04139969214446155,0.0,0.12952516780415735,0.0,0.040978896334505764,0.0,0.041983037945386784,0.0,0.1228847265064041,0.0,0.12314311815871566,0.0,0.0,0.03489658280159422,0.0,0.03465598846989726,0.0,0.013138983566400773,0.0,0.012725242151801108,0.0,0.03389082512763611,0.0,0.012700732362325676,0.0,0.0,0.0,0.012595658728458558,0.0,0.036137269070484375,0.0,0.01227862360774639,0.0,0.012943393975566465,0.0,0.03420592030529871,0.0,0.033810468413247065,0.0,0.004561124746604183,0.9347294279454458,2.1133863286010444,1.1464406731891053,0.4607310438621719,0.14992962123957454,0.22526129250832735,0.23546975135384457,1.8675598483834273,0.2744675551316289,1.8436127399747309,0.2706168874504241,1.890309601371689,0.28735102493448533,0.023947108408696408,0.9247936269701545,0.10324259951827251,0.9140805202703804,0.10196614102469685,0.93497107833494,0.10761362968298169,0.010713106699774178,0.3333643974996374,0.20218096374982142,0.25432827249993845,0.21012636624983191
2.0e7,40.0,3.0,2.0,2.0,1.0,0.2,0.001,0.001,0.055901699437494755,0.75,0.75,1.0,0.30799763150013165,0.20144050130886104,0.24984207223099597,0.24071979496001145,0.2054970808382236,0.1543425078378083,0.18068485721159616,0.17588485355352013,26.73157145935714,26.562147857658452,26.706280682984406,113.78093555900979,113.68676876857388,114.09178895801907,0.0,0.14417421560143248,0.0,0.15078805412288587,0.0,0.020121291937706006,0.0,0.020013437777031236,0.0,0.14784359039757833,0.0,0.020857996063444663,0.0,0.0,0.0,0.019214857265841264,0.0,0.14379426978920723,0.0,0.021211408543810636,0.0,0.019970105834994124,0.0,0.1450668516629527,0.0,0.1469439210031155,0.0,0.0,0.03873697054675586,0.0,0.041157775116498235,0.0,0.005820702303542808,0.0,0.005890569091648361,0.0,0.040436657779312685,0.0,0.0062912550177142154,0.0,0.0,0.0,0.005664254309186084,0.0,0.03843369370207802,0.0,0.006548369212869565,0.0,0.005924567593838849,0.0,0.038808786441966024,0.0,0.039779286734812604,0.0,-0.014001635333242482,1.0940392843359923,2.4822649650878437,1.2961584039052672,0.4823498392109885,0.1555623477517779,0.23760703700000327,0.24474280221098527,1.8772629437133124,0.28981737405334607,1.8041446044481069,0.27360760586027816,1.9467253660152573,0.3323059325480591,0.07311833926520549,0.9296031875291677,0.10240399349598327,0.8997400213594725,0.09780067204945297,0.9579731953903781,0.11431373246701286,0.029863166169695154,0.3169660475002525,0.19672870749979665,0.24972908000008143,0.23657616500010548
2.0e7,40.0,3.0,2.0,2.0,1.0,0.2,0.001,0.001,0.055901699437494755,1.0,1.0,1.0,0.28444764530846417,0.21094101050327715,0.2237424903476394,0.28086885384061927,0.10120234841677776,0.07715098893529464,0.08672864981521972,0.10375000672629503,26.712779738178902,26.555734913570284,26.731485348250814,88.10627912772745,88.88058552201453,89.3121293222349,0.0,0.1635102992494278,0.0,0.1677076476273529,0.0,0.0,0.0,0.0,0.0,0.16878205312321928,0.0,0.0,0.0,0.0,0.0,0.0,0.0,0.16339845342230816,0.0,0.0,0.0,0.0,0.0,0.16839897953339,0.0,0.16820256704430184,0.0,0.0,0.02667213631793934,0.0,0.027237490830029902,0.0,0.0,0.0,0.0,0.0,0.027257963940045156,0.0,0.0,0.0,0.0,0.0,0.0,0.0,0.02659040702619476,0.0,0.0,0.0,0.0,0.0,0.027525690311100866,0.0,0.027444146985979176,0.0,0.0,0.0,4.102564102564101,7.888609490466176e-31,0.49910392739520526,0.07261379008108722,0.27256055242694904,0.22654337496825613,2.4011773224417157,0.02033564437201477,0.7182060829066796,0.0856800972017575,4.0,0.0,1.6829712395350362,1.0260885304594694,0.0792793248742061,0.7182060829066796,0.0856800972017575,1.3185768556346191,0.21579598417111387,0.30788244755278954,0.28057420749995665,0.21011957624984995,0.22628504875001157,0.28302116749985884
2.0e7,40.0,3.0,2.0,2.0,1.0,0.2,0.001,0.001,0.055901699437494755,0.0,0.0,1.0,0.26423704226460876,0.20572426634865187,0.29785869595229464,0.23217999543444473,0.18727311380379497,0.15726144506461595,0.20199747297644288,0.17112523221130843,26.63343546480914,26.556736857959063,26.809827677231794,115.41952710074197,116.39318405377009,114.63433937453264,0.0,0.08368355785091346,0.0,0.083561530079915,0.0,0.08610095354994703,0.0,0.08373263423707587,0.0,0.08223281765373235,0.0,0.08302470372084979,0.0,0.0,0.0,0.0828908176171768,0.0,0.08601577438801253,0.0,0.08173295379261368,0.0,0.08514102582549855,0.0,0.08127806909566282,0.0,0.0806051621886021,0.0,0.0,0.02451762262441627,0.0,0.024894415615285163,0.0,0.025767157469269074,0.0,0.024676562101989288,0.0,0.023824400755603766,0.0,0.024430017355781698,0.0,0.0,0.0,0.024597822042484396,0.0,0.025405350694002002,0.0,0.023867262087652493,0.0,0.025035681985326547,0.0,0.02357819702679596,0.0,0.02338066107870514,0.0,-0.003157799824566677,0.6338172555219362,1.3904414902746183,0.7968658522262235,0.5082233255406158,0.14606482878433769,0.24758635812715474,0.26063696741346104,1.85603301198677,0.2686771131085086,1.8559930889945362,0.27077599687776827,1.8560709388293923,0.27067543921218223,3.992299223399712e-5,0.923315322351428,0.10385348334366282,0.9232866270688715,0.10463678112136834,0.9233425828698566,0.10464195253774855,2.8695282556367476e-5,0.2627412949999433,0.20026903624981326,0.29893074624973437,0.2380589224998315
2.0e7,40.0,3.0,2.0,2.0,1.0,0.2,0.001,0.001,0.055901699437494755,0.25,0.25,1.0,0.2934685989739667,0.20303560538691084,0.3055181066378829,0.1979776890012395,0.1994883777774338,0.15554942891886742,0.20500963358771904,0.15265145636910823,26.790148956102836,26.607970132890546,26.601880911006617,114.67247503692876,114.94281746364484,114.60197384884026,0.0,0.1075791093011606,0.0,0.10427128170715103,0.0,0.06359444368919756,0.0,0.06248251180652711,0.0,0.10412621088187717,0.0,0.05902153144324825,0.0,0.0,0.0,0.061295966039113,0.0,0.10580256773319067,0.0,0.06296787705734017,0.0,0.061893103505938685,0.0,0.10504191777544901,0.0,0.10192347905980671,0.0,0.0,0.030868584842065335,0.0,0.030107420005731272,0.0,0.019503025743291855,0.0,0.018738877480621405,0.0,0.03019999785503463,0.0,0.0172459294311747,0.0,0.0,0.0,0.018210467533043267,0.0,0.030409555171108972,0.0,0.018899784085838717,0.0,0.018487378629750032,0.0,0.030268561251233332,0.0,0.02875127567948983,0.0,-0.006417274643484741,0.8079651665005289,1.7507404746739623,0.9771793882317618,0.479457118730228,0.14495853573820366,0.23392749399711812,0.24552962473311,1.8566470405851359,0.2708551119225129,1.8490308595567653,0.27104089764925143,1.863882412562088,0.2760498007857492,0.007616181028370808,0.9261878578043783,0.10291454880859582,0.9225241335439809,0.10302768112844556,0.9296683958517558,0.10483653850118277,0.003663724260397388,0.29544713874969714,0.19551308374979648,0.2959656512500519,0.213074126249826
2.0e7,40.0,3.0,2.0,2.0,1.0,0.2,0.001,0.001,0.055901699437494755,0.5,0.5,1.0,0.2471115001604722,0.218451342030481,0.3559947052225163,0.1784424525865304,0.1791555541376579,0.16413433292363797,0.2216058979517431,0.14004713417230888,26.62534646525853,26.90431739420459,26.47033614053688,114.34952349888542,113.90109522732847,116.40597106928175,0.0,0.12949075530606913,0.0,0.12444894725283626,0.0,0.04309128788381734,0.0,0.043300082316662096,0.0,0.12284341539758802,0.0,0.04284210456432753,0.0,0.0,0.0,0.04011033666053685,0.0,0.12857048174608435,0.0,0.039997082500162075,0.0,0.040010989443833925,0.0,0.11984084056439774,0.0,0.12545367636368462,0.0,0.0,0.03664043082399396,0.0,0.03521571071585297,0.0,0.013522635562299582,0.0,0.013261677663042669,0.0,0.034006939246760924,0.0,0.013236786925918897,0.0,0.0,0.0,0.01189452247026511,0.0,0.036135062666337085,0.0,0.012106741115099304,0.0,0.011986163204232117,0.0,0.03321154234327265,0.0,0.035238430323578936,0.0,-0.005836238564653414,0.9665744724841908,2.0881887036476363,1.1525307236085889,0.5006445991757803,0.13346233348040684,0.24508901866290977,0.2555555805128706,1.8558432595756593,0.2834688103854169,1.8320711631305495,0.2793886993395119,1.8784267511985142,0.2964980202547378,0.023772096445109952,0.9255299552768259,0.10413092821929433,0.9147269488894385,0.10280728830938804,0.9357928113448437,0.10859050262652548,0.010803006387387338,0.2542115937499427,0.20661501374983338,0.3507576137498564,0.18841577874980156
2.0e7,40.0,3.0,2.0,2.0,1.0,0.2,0.001,0.001,0.055901699437494755,0.75,0.75,1.0,0.2913854157563658,0.20723487737584015,0.2775341054147719,0.22384560145302212,0.19846974160779765,0.1574712311297819,0.19293636171216777,0.16666263559308736,26.744880014173333,26.630880409395534,26.624239576431133,112.77550534477146,112.7986953313737,111.98326565179069,0.0,0.1463187682600684,0.0,0.14837793620122577,0.0,0.020747769680679463,0.0,0.02084548217525099,0.0,0.1466599710188905,0.0,0.02076282662428741,0.0,0.0,0.0,0.019690141961658778,0.0,0.14426506004083,0.0,0.023095647328019595,0.0,0.020380765534401917,0.0,0.14472151834880453,0.0,0.14413411282588262,0.0,0.0,0.03827647627517961,0.0,0.03982894057555321,0.0,0.006218428883529147,0.0,0.006414850570962731,0.0,0.03931845535161892,0.0,0.006141971812175617,0.0,0.0,0.0,0.0058535335310462965,0.0,0.03823894139933751,0.0,0.007318574968477022,0.0,0.006121838748155312,0.0,0.03808825259518786,0.0,0.038095218622693376,0.0,-0.016471968529335086,1.0683479663210282,2.4915797272484195,1.2788165798188336,0.48731735674444493,0.14849342689303108,0.24018222910917172,0.2471351276352732,1.8899961011255728,0.2781453065462751,1.8165345616545125,0.26325916274631717,1.9597845636230795,0.3192684598635538,0.07346153947106007,0.9347436167307678,0.10009549265589177,0.9045305038418726,0.09569511525709795,0.9634460739752182,0.11194828843877537,0.030213112888895145,0.3106118462497602,0.19551598374989698,0.2656083675002997,0.22826380250019845
2.0e7,40.0,3.0,2.0,2.0,1.0,0.2,0.001,0.001,0.055901699437494755,1.0,1.0,1.0,0.2490369764423902,0.23958199641211136,0.26902856699841293,0.24235246014708556,0.09020010866196483,0.09134303286882413,0.0922375436525932,0.0797829783601156,26.55658852463397,26.806935010725834,26.636476464640197,88.06160164147964,87.27259079673468,87.47154974300899,0.0,0.16863985729778572,0.0,0.16614396438089088,0.0,0.0,0.0,0.0,0.0,0.16521617832132343,0.0,0.0,0.0,0.0,0.0,0.0,0.0,0.1708691085628273,0.0,0.0,0.0,0.0,0.0,0.1636826603509633,0.0,0.1654482310862094,0.0,0.0,0.027593721256171277,0.0,0.026999913337089215,0.0,0.0,0.0,0.0,0.0,0.027137275786375238,0.0,0.0,0.0,0.0,0.0,0.0,0.0,0.0273125873322085,0.0,0.0,0.0,0.0,0.0,0.026815575767541552,0.0,0.02676033377499331,0.0,0.0,0.0,4.102564102564101,7.888609490466176e-31,0.4982993380090613,0.06092601886382695,0.2765172488586594,0.22178208915040182,2.4013940822587334,0.02044140222744002,0.7186510109521368,0.08612568639317525,4.0,0.0,1.6827430713065965,1.0305490195279035,0.07689444353600788,0.7186510109521368,0.08612568639317525,1.3268521276748817,0.21292020589232977,0.31189800857576666,0.2511384887500088,0.2333226137497501,0.27731501875019204,0.23822387875018125
2.0e7,40.0,3.0,2.0,2.0,1.0,0.2,0.001,0.001,0.125,0.0,0.0,1.0,0.3168510810082733,0.18420562587746525,0.2881300242705542,0.21081326884370727,0.2088581800461326,0.14401922613499613,0.19726359418918818,0.1599685121687511,26.637575131245825,26.66745629625243,26.694968572501747,62.37761609610009,62.453908067843095,62.164548711958155,0.0,0.08209919960560001,0.0,0.08343820647565518,0.0,0.08361723979904223,0.0,0.08460078696662295,0.0,0.08313846065897441,0.0,0.0842211842099342,0.0,0.0,0.0,0.08292966900390727,0.0,0.08377130784603845,0.0,0.08237886347895203,0.0,0.08284179400878922,0.0,0.08341635231020265,0.0,0.08354693563628135,0.0,0.0,0.012995068028826589,0.0,0.013222891910574026,0.0,0.013241396889398202,0.0,0.013439578322000682,0.0,0.013235281565533741,0.0,0.013296751458431448,0.0,0.0,0.0,0.013180550484884045,0.0,0.013183150959951366,0.0,0.012837862023511898,0.0,0.01313221598552962,0.0,0.013285841537633047,0.0,0.013196459539948704,0.0,0.0041174581045856605,0.34613118001003734,1.6938397291171663,0.5493587609648446,0.46045003871863693,0.13439766686189475,0.22431593799450475,0.2361341007241322,2.261382062544302,0.09447695546374511,2.261332391329487,0.09679545390831573,2.261429250198375,0.0965545296507014,4.967121481433641e-5,1.1277807131289919,0.04212566999163737,1.127796167754014,0.04314791559606108,1.1277660312352205,0.04302543126383629,-1.5454625022348257e-5,0.3156964337498524,0.18347848249981186,0.28722548625037825,0.21359959749984095
2.0e7,40.0,3.0,2.0,2.0,1.0,0.2,0.001,0.001,0.125,0.25,0.25,1.0,0.35488225250654154,0.1789486178361879,0.2531542609358744,0.2130148687213962,0.22096928867858256,0.14107790463159542,0.1812216409846179,0.1605400095021989,26.64670590851634,26.68652846185953,26.66676562962413,61.63731494465515,61.1535174782056,61.55781168156436,0.0,0.10353149285936152,0.0,0.10475379140256713,0.0,0.0616742271292096,0.0,0.06263797707566794,0.0,0.10421150393269421,0.0,0.06364915201949155,0.0,0.0,0.0,0.0619037368386813,0.0,0.10406795949622447,0.0,0.0618811312843816,0.0,0.06218094654550296,0.0,0.10422782337623204,0.0,0.10528025803998567,0.0,0.0,0.015923753661658085,0.0,0.016119372160489847,0.0,0.009861223246697427,0.0,0.010010008540450532,0.0,0.016037042921139524,0.0,0.010483263972132178,0.0,0.0,0.0,0.009953057881681035,0.0,0.01584754625322884,0.0,0.009856696385172104,0.0,0.00987009286634585,0.0,0.015786722279339693,0.0,0.01629154269292666,0.0,0.0021585054356385866,0.4291369930762477,2.128358654407425,0.614799747375719,0.43894439649593947,0.1409812026249773,0.2142191231116118,0.22472527338432763,2.2660878511717577,0.09451034696434946,2.2562589354709948,0.09658806439226054,2.275425321087482,0.09840732798529582,0.009828915700762744,1.1311759485529034,0.041163741406188614,1.12710880668109,0.04206189162690559,1.135039733331126,0.04273133375181787,0.004067141871813459,0.3359234499994378,0.1929840612497898,0.2666774974998728,0.20441499124972823
2.0e7,40.0,3.0,2.0,2.0,1.0,0.2,0.001,0.001,0.125,0.5,0.5,1.0,0.29129644076130884,0.2024023762554235,0.3188496128416882,0.18745157014157945,0.1988925668370924,0.15468726598384008,0.20934549777042363,0.14528097703822923,26.692434017087,26.677249740152792,26.63031624276021,61.365942272010486,61.10651254175924,61.37622813426273,0.0,0.12502137360992366,0.0,0.12478839862286675,0.0,0.041627325465148586,0.0,0.041156776880179054,0.0,0.1243020972609946,0.0,0.041672675462629136,0.0,0.0,0.0,0.041810000454999975,0.0,0.12490437639420134,0.0,0.04214562404746532,0.0,0.04150414630532521,0.0,0.12514888610283967,0.0,0.1259183193934267,0.0,0.0,0.018618401452891,0.0,0.018719270467910266,0.0,0.006895519497794469,0.0,0.006604393199119587,0.0,0.018409047376184273,0.0,0.006896171773307949,0.0,0.0,0.0,0.006835944042615338,0.0,0.018523962279736617,0.0,0.006877576448580065,0.0,0.0068978650145998174,0.0,0.018932189499593816,0.0,0.01859026696722258,0.0,0.003719424793365289,0.5066225479617713,2.5576384118975812,0.649741690249692,0.46315579878814955,0.12329584166348576,0.22706216828108144,0.23609363050706805,2.268657684077422,0.09709112767902102,2.2346372296546564,0.09874543673965522,2.3009771157790495,0.10679175819331241,0.03402045442276527,1.1318152520786402,0.0408219947026804,1.1201005564856417,0.041586125459706885,1.1429442128919882,0.04370090284746508,0.011714695592998247,0.28153905625020814,0.19349559749981673,0.31715460999962825,0.20781073624968088
2.0e7,40.0,3.0,2.0,2.0,1.0,0.2,0.001,0.001,0.125,0.75,0.75,1.0,0.2756214471876974,0.21339910897782727,0.3501943874892007,0.16078505634527462,0.19245646922003815,0.16114287890334827,0.21915250092877972,0.12908615758788938,26.510853360508147,26.759184457823086,26.729962181668768,60.925647774003586,59.7302044269798,60.184410961508654,0.0,0.1459509391138367,0.0,0.14658608074521773,0.0,0.020165771101901608,0.0,0.021303973816445897,0.0,0.1476074806884733,0.0,0.020730248848319508,0.0,0.0,0.0,0.021097001605722136,0.0,0.1477939348447814,0.0,0.020723305793149675,0.0,0.0202091363772702,0.0,0.14405940033003328,0.0,0.14377272673484853,0.0,0.0,0.020998119132807094,0.0,0.02113277987689656,0.0,0.0032414703338291364,0.0,0.0035957147021915604,0.0,0.021083836059359297,0.0,0.0033008386338121243,0.0,0.0,0.0,0.0034547811512990753,0.0,0.021218748866538337,0.0,0.003381555996756086,0.0,0.0032983708883621617,0.0,0.020415752954156152,0.0,0.02010349457247119,0.0,-0.009036877275729037,0.5677621651223442,3.0105009754849887,0.6225488394478355,0.4589095777998797,0.11345788618128186,0.2280834029203752,0.23082617487950444,2.281879055137773,0.09942873384837149,2.1678525479847996,0.10193081639616977,2.390204236933098,0.13615941231643952,0.11402650715297333,1.1356276537186916,0.03990347823554262,1.1045222798657215,0.04077142171067285,1.1651777588790133,0.0466287311240014,0.03110537385297031,0.2662425662499224,0.2147881462500234,0.35150762624992576,0.16746166124975073
2.0e7,40.0,3.0,2.0,2.0,1.0,0.2,0.001,0.001,0.125,1.0,1.0,1.0,0.21397556589024633,0.2896779172401157,0.23657388685700628,0.2597726300126317,0.08856810493608536,0.09219519397657892,0.08106086648974596,0.10080956125288597,26.563626357576315,26.77968829001732,26.65668535240637,54.20220458917444,53.181753581081324,53.55638049064405,0.0,0.1672623504298694,0.0,0.1663013727054793,0.0,0.0,0.0,0.0,0.0,0.1664362768646513,0.0,0.0,0.0,0.0,0.0,0.0,0.0,0.16947306419594088,0.0,0.0,0.0,0.0,0.0,0.16420642004408778,0.0,0.16632051575997137,0.0,0.0,0.016613224678581458,0.0,0.016548899017876234,0.0,0.0,0.0,0.0,0.0,0.0165224117044868,0.0,0.0,0.0,0.0,0.0,0.0,0.0,0.016892451312254086,0.0,0.0,0.0,0.0,0.0,0.01641584522248525,0.0,0.016564734292197462,0.0,0.0,0.0,4.102564102564101,7.888609490466176e-31,0.5221493899180926,0.062253498850574636,0.257260734593258,0.2648886553248346,2.530792169799295,0.012227653829122661,0.9842576116932906,0.051518729845140075,4.0,0.0,1.5465345581060048,1.1611574950354098,0.033707712937055476,0.9842576116932906,0.051518729845140075,1.3292123842104229,0.08013218128216688,0.17689988334211923,0.2121951175002254,0.28533949749976534,0.23567996499999272,0.26678542000034644
2.0e7,40.0,3.0,2.0,2.0,1.0,0.2,0.001,0.001,0.125,0.0,0.0,1.0,0.3426791517956027,0.19870824590509742,0.2735324639704187,0.1850801383288812,0.21739153597720173,0.15249608223932118,0.1912619098795489,0.14452095483340344,26.64136285325762,26.678033962331448,26.680603184410934,61.828633778719784,61.3167382537179,61.39073739074633,0.0,0.0815126232492987,0.0,0.08416785782400789,0.0,0.08359221480043252,0.0,0.08428016615110188,0.0,0.08331148426047309,0.0,0.08340597453300141,0.0,0.0,0.0,0.08450405919421893,0.0,0.08274441068086606,0.0,0.08265912318560427,0.0,0.08257969402335034,0.0,0.08270938429392309,0.0,0.08453300780372179,0.0,0.0,0.012743904798556345,0.0,0.013206567531027133,0.0,0.013098026653221774,0.0,0.013286945039201192,0.0,0.013108605301938976,0.0,0.013017350977113842,0.0,0.0,0.0,0.013350438930203497,0.0,0.012988567502651871,0.0,0.012706992307935396,0.0,0.012895996568653955,0.0,0.01300233042522891,0.0,0.013343661548832054,0.0,0.0019896748894625066,0.34227146327694763,1.6960406865447484,0.5491752950429005,0.4310027610950593,0.13083660331802333,0.20997992186887837,0.22102283922618093,2.2658247991920697,0.09124613974987485,2.2658160039458943,0.09357891288840432,2.265833154675936,0.09329737611852519,8.795246175042131e-6,1.1309353894494583,0.040735178664211315,1.130895823722162,0.041775898175853005,1.1309729768903902,0.0416387299367515,3.956572729658401e-5,0.3356789337497123,0.20851426749977295,0.2753586062503023,0.18044819249980681
2.0e7,40.0,3.0,2.0,2.0,1.0,0.2,0.001,0.001,0.125,0.25,0.25,1.0,0.26765345040814165,0.2064101399216589,0.3033215512043583,0.2226148584658412,0.18930606528942923,0.15746771277751306,0.20455459365115056,0.1663859190162126,26.719175848934675,26.64431418642699,26.636509964638336,61.36751284735276,61.71001898388333,61.29410582018582,0.0,0.10449855530563582,0.0,0.10372012618221521,0.0,0.06317288121261772,0.0,0.06348591175078269,0.0,0.10325531370803813,0.0,0.062167200712933295,0.0,0.0,0.0,0.062169889601672794,0.0,0.10442819975398891,0.0,0.06203157155380159,0.0,0.06230731181626046,0.0,0.10469182612823189,0.0,0.10407121227382153,0.0,0.0,0.015958405429593415,0.0,0.015932831736808435,0.0,0.01015852571175133,0.0,0.010259968194979556,0.0,0.01578992258485131,0.0,0.010028260086642265,0.0,0.0,0.0,0.009822029369132752,0.0,0.016004010559738272,0.0,0.009850112458459157,0.0,0.009861972324386783,0.0,0.01628261360663726,0.0,0.01610920283386733,0.0,0.003434485920306338,0.42768209944469676,2.1240687815688286,0.614529171172116,0.49021194427435993,0.1272954855714549,0.2392934320110273,0.25091851226333267,2.2661418732485283,0.09403228346832314,2.2561732038968105,0.09609853678121733,2.2756121091326604,0.09796657346266667,0.009968669351718099,1.1311421448510774,0.0410548877657468,1.1270179818323343,0.04197259207514076,1.1350600997188833,0.042609772614412476,0.004124163018743084,0.26256929749999236,0.20954343249992835,0.30967891125000013,0.21820835874993932
2.0e7,40.0,3.0,2.0,2.0,1.0,0.2,0.001,0.001,0.125,0.5,0.5,1.0,0.278382435923198,0.22921583309912036,0.2953908919227282,0.1970108390549534,0.19267800141825644,0.1699803943891819,0.19980097167710742,0.15136350852745936,26.618765076735272,26.739551903358226,26.6416830199065,61.52240564743111,61.18457100740939,61.0379233790883,0.0,0.1255069624718354,0.0,0.12356292507983752,0.0,0.04193718378126757,0.0,0.041101014383276985,0.0,0.125181844434342,0.0,0.04159301852261008,0.0,0.0,0.0,0.041588981022834384,0.0,0.12616702910183172,0.0,0.041601274077706994,0.0,0.04138239492320028,0.0,0.12462869863173898,0.0,0.12574867356951813,0.0,0.0,0.018873921079315653,0.0,0.018287188565559102,0.0,0.00681195217156689,0.0,0.006633194508927138,0.0,0.01886972582148875,0.0,0.006770266234901193,0.0,0.0,0.0,0.00670115399194658,0.0,0.01890935773049981,0.0,0.00683443886424117,0.0,0.0067027056980590305,0.0,0.018535306614452934,0.0,0.01891827070313294,0.0,0.004585338634147855,0.5093282791128866,2.557779750778618,0.6512028412273456,0.4692221218630878,0.12258168221345776,0.22981601157916376,0.23940611028392397,2.268789750736752,0.09805433049500674,2.234882420576708,0.09953299318450058,2.3010017143887933,0.10787478773211644,0.03390733016004411,1.1319404433822262,0.04074801903491806,1.119988034854466,0.041500559060651844,1.1432952314835982,0.04367629471831069,0.011952408527760184,0.2851554412499677,0.22147334250011244,0.28156498250007006,0.21180623374971333
2.0e7,40.0,3.0,2.0,2.0,1.0,0.2,0.001,0.001,0.125,0.75,0.75,1.0,0.264695074183607,0.2428436212309099,0.26345914647449187,0.22900215811099123,0.1879777463799636,0.17721057189979023,0.18729652129666993,0.16935866578512038,26.653164741490848,26.699231016709387,26.647604241799765,60.358994907882966,60.299653791442445,60.849767778258986,0.0,0.14629919742782238,0.0,0.14506792110733768,0.0,0.02141415714365794,0.0,0.021410119643882244,0.0,0.14688632239520433,0.0,0.021262055763219125,0.0,0.0,0.0,0.020275437762475677,0.0,0.1452470655418297,0.0,0.021186246045208555,0.0,0.020747028014054,0.0,0.14529011831721564,0.0,0.14491433083809271,0.0,0.0,0.021005466490116434,0.0,0.020409630256167367,0.0,0.0036036461400174944,0.0,0.003604486577757246,0.0,0.020851772094568115,0.0,0.0034935142998842594,0.0,0.0,0.0,0.0033354288229236763,0.0,0.020961986730836872,0.0,0.00359164462024205,0.0,0.003356436394948549,0.0,0.020598233159135115,0.0,0.02055858978718318,0.0,-0.0056038524664526424,0.5588691169746784,3.0111993163293826,0.6261596549901088,0.48719729639989096,0.12762237878201044,0.24027818416458804,0.246919112235303,2.2834315382424073,0.09949091751126683,2.16896375991137,0.10237890513792106,2.392175927656893,0.1357710451941245,0.11446777833103734,1.1348162232794405,0.040367334312177816,1.1032440530361491,0.04128672388478029,1.1648097850105676,0.04718149543492245,0.031572170243291495,0.2896652537504233,0.2382771812499802,0.25808279875017187,0.2139747662497872
2.0e7,40.0,3.0,2.0,2.0,1.0,0.2,0.001,0.001,0.125,1.0,1.0,1.0,0.31379067423385143,0.24685553906358118,0.2144768144735103,0.2248769722290571,0.10393481666861008,0.09578078423987003,0.08064240387966745,0.08733363229472228,26.706843349619813,26.595119411382257,26.69803723899793,53.003956951341166,53.67957919985342,53.63716704145792,0.0,0.16600967411057366,0.0,0.1680280712206627,0.0,0.0,0.0,0.0,0.0,0.16596225466876363,0.0,0.0,0.0,0.0,0.0,0.0,0.0,0.16636666159074104,0.0,0.0,0.0,0.0,0.0,0.1670939434947809,0.0,0.16653939491447806,0.0,0.0,0.016509971917856022,0.0,0.016713508213339858,0.0,0.0,0.0,0.0,0.0,0.016340146550623227,0.0,0.0,0.0,0.0,0.0,0.0,0.0,0.01646621831099263,0.0,0.0,0.0,0.0,0.0,0.01648637312123041,0.0,0.016590035588165627,0.0,0.0,0.0,4.102564102564101,7.888609490466176e-31,0.4551379574530468,0.06492573621398373,0.22770784050785806,0.22743011694518872,2.5317415694616505,0.011881026363244195,0.9862063794212832,0.0500582855913973,4.0,0.0,1.5455351900403675,1.1619721219132297,0.03320738639553208,0.9862063794212832,0.0500582855913973,1.328949577280579,0.07876422596482699,0.17576574249194668,0.3083411024997284,0.25913210375014734,0.21994049999997906,0.21258629374979596
2.0e7,40.0,3.0,2.0,2.0,1.0,0.2,0.001,0.001,0.2795084971874737,0.0,0.0,1.0,0.30376362062424334,0.21137943270114262,0.2701741099903272,0.21468283668428687,0.20353000088817655,0.16038274586531726,0.18989992616626516,0.16225240939909225,26.650091408328255,26.66559585191134,26.684312739760404,30.149658026227844,30.236053248417424,30.048095825963618,0.0,0.08347757175124601,0.0,0.08310188704989517,0.0,0.08335916342449091,0.0,0.08317406343477425,0.0,0.08349784813900844,0.0,0.08309788843900622,0.0,0.0,0.0,0.08367725785126345,0.0,0.08347472036251552,0.0,0.08303579538690026,0.0,0.08357118563493414,0.0,0.08332786759289625,0.0,0.0832047509330694,0.0,0.0,0.006448098967654186,0.0,0.006436281818417375,0.0,0.006477523549627342,0.0,0.00640465836380788,0.0,0.006470381607716715,0.0,0.006371730171408531,0.0,0.0,0.0,0.0064536337336663085,0.0,0.0065132972010648925,0.0,0.00640239539863465,0.0,0.006422314981063431,0.0,0.006443810055002223,0.0,0.006384597440330856,0.0,-0.00013993610333688368,0.16830733333455256,1.8790063997418098,0.31601976808232335,0.45876952919570096,0.12511439944985875,0.2235106454880854,0.2352588837076155,2.5043676590166117,0.023316124591714563,2.5041534164359214,0.025552627298079788,2.504571189468267,0.025374572649295435,0.0002142425806902228,1.2515798427184988,0.011838867157058725,1.251467996848269,0.012964972390873979,1.2516860962952168,0.012868432238847538,0.00011184587022958639,0.302532198749983,0.2152388362499097,0.26553236624993165,0.2166965987499805
2.0e7,40.0,3.0,2.0,2.0,1.0,0.2,0.001,0.001,0.2795084971874737,0.25,0.25,1.0,0.283068448162864,0.24083661439796586,0.2769505873916341,0.1991443500475361,0.1955856948975709,0.17569132013742128,0.19320443399333856,0.15269496800200713,26.684422739754293,26.684117961993447,26.63145929825226,30.224923153949764,29.922169254743636,30.114931576942933,0.0,0.10432269975985001,0.0,0.10387295117372494,0.0,0.06295944650225298,0.0,0.06232312709315961,0.0,0.10435427336920702,0.0,0.062301488205472884,0.0,0.0,0.0,0.06294726733626292,0.0,0.10328640259519985,0.0,0.06267842985119836,0.0,0.062289565983913,0.0,0.10377508729027293,0.0,0.1048892608394855,0.0,0.0,0.007859578501859208,0.0,0.00782324160253929,0.0,0.0049656162786915065,0.0,0.004936863655209198,0.0,0.007884492906539566,0.0,0.004919891296190244,0.0,0.0,0.0,0.00497805350226602,0.0,0.007770372474048905,0.0,0.004944002199244765,0.0,0.004917078642869635,0.0,0.007785843749881304,0.0,0.007950292557670978,0.0,-0.0011983471556473802,0.2078431188251259,2.348880160817199,0.32991033422598715,0.46037666524843496,0.11632255507523949,0.22465462233966632,0.23572204290876866,2.5051503078335298,0.023531351303054872,2.4895098169570566,0.02651680284339347,2.520008774166179,0.02737015947718067,0.015640490876472953,1.2517984465525083,0.011780914774656273,1.248155747032283,0.013052556031894754,1.2552590110967214,0.013118162466025825,0.0036426995202248963,0.26709133375008753,0.25413136624997484,0.2749560362497789,0.2038212637496808
2.0e7,40.0,3.0,2.0,2.0,1.0,0.2,0.001,0.001,0.2795084971874737,0.5,0.5,1.0,0.3158683407850921,0.21435583253578708,0.23501285916595227,0.2347629675131685,0.20894672408007234,0.16183468894964395,0.17312979809714185,0.17283756706420816,26.677727740126237,26.643845908675228,26.678426351198535,30.00873786252366,30.101464700630082,29.916296938207083,0.0,0.12535706386905202,0.0,0.12511602499355415,0.0,0.04192468933751726,0.0,0.04171900462672196,0.0,0.12533960137002215,0.0,0.041683531017581606,0.0,0.0,0.0,0.04150841991619889,0.0,0.12452525419304145,0.0,0.04179401434477698,0.0,0.04182552684302629,0.0,0.12503761110902162,0.0,0.12416925837948564,0.0,0.0,0.009111480283164112,0.0,0.009196170496533457,0.0,0.0034058556735260237,0.0,0.0033309432715402545,0.0,0.009160442205625296,0.0,0.0033674872425998254,0.0,0.0,0.0,0.003316299313674452,0.0,0.009057115276128477,0.0,0.003387064504018597,0.0,0.003351366839060249,0.0,0.009021127057626623,0.0,0.00900544354887716,0.0,-0.004161133102159272,0.23997811830367752,2.828906498109183,0.30533666993610004,0.46088360694193725,0.1333236098553833,0.22556291763998607,0.23532068930195116,2.509016521009054,0.024348259987374787,2.443067947899734,0.030772213712028342,2.571667665462907,0.03606939028897154,0.06594857310931979,1.2521017830028924,0.01171853229620572,1.2419629652125839,0.013338027312081573,1.2617336599036857,0.013702029450949156,0.010138817790308594,0.2997872600000607,0.23513415500003682,0.23469679124987958,0.23038179374998732
2.0e7,40.0,3.0,2.0,2.0,1.0,0.2,0.001,0.001,0.2795084971874737,0.75,0.75,1.0,0.33619242576708747,0.2320092912772616,0.19959179446712252,0.23220648848852837,0.21537317011932205,0.1714191866386166,0.1526309100349003,0.1705326076318906,26.711975571556913,26.63000574277746,26.658018685665628,29.43072281290014,29.57788496423924,29.472211218593287,0.0,0.14549286691706295,0.0,0.14659416407810197,0.0,0.020880851617730463,0.0,0.020844383564200916,0.0,0.14501531972137113,0.0,0.020779807178899604,0.0,0.0,0.0,0.020453078030384552,0.0,0.1459524057804219,0.0,0.021013255777041346,0.0,0.02055521969137668,0.0,0.1462196210433544,0.0,0.14619902660005407,0.0,0.0,0.009994337416910791,0.0,0.010111385558806458,0.0,0.0016966421642733254,0.0,0.0016722302260791192,0.0,0.009967979766695013,0.0,0.0016848118812855088,0.0,0.0,0.0,0.0016618782077869785,0.0,0.010028737396790138,0.0,0.0017203694807288096,0.0,0.0016597564269105148,0.0,0.010035085852205748,0.0,0.009918909718465827,0.0,0.0025374054145885874,0.2456747235178488,3.3397050956574095,0.23619400581393546,0.4475363583351439,0.1355710804032432,0.2186056986790275,0.22893065965611642,2.523632034157195,0.022907392474799497,2.2929381237841393,0.0467448395414305,2.7427912490115975,0.06745746542435574,0.23069391037305537,1.2540799754855854,0.011393357481722358,1.2302163816546456,0.013963305275144984,1.2767503896249783,0.01496707950404611,0.023863593830939944,0.3462024599994983,0.21573918749983265,0.221092947499666,0.2169654050000796
2.0e7,40.0,3.0,2.0,2.0,1.0,0.2,0.001,0.001,0.2795084971874737,1.0,1.0,1.0,0.26816516010193553,0.2550760288846651,0.2572940745947736,0.21946473641862574,0.1000773088151392,0.09611936840849725,0.08782935966729455,0.08125487648038254,26.66245729653015,26.62831485398251,26.70922784948734,28.487662528115646,28.475221088999408,28.227208829566887,0.0,0.16631390881589397,0.0,0.16690559628302243,0.0,0.0,0.0,0.0,0.0,0.16678049490108363,0.0,0.0,0.0,0.0,0.0,0.0,0.0,0.16665807268566263,0.0,0.0,0.0,0.0,0.0,0.16738653236741488,0.0,0.16595539494692252,0.0,0.0,0.00882719632963872,0.0,0.00885957100677106,0.0,0.0,0.0,0.0,0.0,0.00895231146828665,0.0,0.0,0.0,0.0,0.0,0.0,0.0,0.008807019883705216,0.0,0.0,0.0,0.0,0.0,0.008793308336553974,0.0,0.008720385045444685,0.0,0.0,0.0,4.102564102564101,7.888609490466176e-31,0.47573819741365875,0.059738563919947314,0.23897465094464854,0.2367635464690101,2.62640477032794,0.004616575728281889,1.1805150548836665,0.019451001891182148,4.0,0.0,1.4458897154442736,1.2582990755360912,0.010579271807286636,1.1805150548836665,0.019451001891182148,1.3321938951558947,0.02252839398627754,0.0777840206524247,0.2828723699998649,0.245701058749932,0.2525395300000515,0.2188870412499587
2.0e7,40.0,3.0,2.0,2.0,1.0,0.2,0.001,0.001,0.2795084971874737,0.0,0.0,1.0,0.33652147713769576,0.24676147795769565,0.2226271265207152,0.1940899183838934,0.21501531298774643,0.17824442551606548,0.16600054811697193,0.14935360346807267,26.632014464888087,26.682804295399762,26.685181239712154,30.116915305092103,30.197821823837977,30.225905253775775,0.0,0.08341530786581623,0.0,0.08285362734146515,0.0,0.08323346620925189,0.0,0.08330947037169607,0.0,0.08345687591906245,0.0,0.08412472171529325,0.0,0.0,0.0,0.08339580925578836,0.0,0.0832222314876538,0.0,0.0828964315057538,0.0,0.08357446619030744,0.0,0.08326833287398151,0.0,0.08324925926393004,0.0,0.0,0.006477827589589231,0.0,0.00639221733971031,0.0,0.006433044474859443,0.0,0.006427084052472611,0.0,0.006455657113771873,0.0,0.006510684865659537,0.0,0.0,0.0,0.006426228889968773,0.0,0.006374292370885374,0.0,0.006371465220177514,0.0,0.00653213588657786,0.0,0.006405863903798075,0.0,0.006431502113649227,0.0,2.802499844305528e-5,0.1675679249090439,1.8772252539718166,0.3161129823777543,0.4283264142770995,0.12435797421549132,0.20865492932906993,0.21967148494802965,2.504553545615971,0.023400022987991414,2.5045506959460138,0.025649248205884326,2.5045562528024305,0.025422803535635932,2.8496699571402815e-6,1.2514413145210668,0.011805663288152302,1.2515233570791116,0.012936654077217254,1.2513633740909238,0.012805079509596045,-8.204255804516804e-5,0.31600121374988344,0.2488062262499767,0.2183953074997836,0.2167972524998102
2.0e7,40.0,3.0,2.0,2.0,1.0,0.2,0.001,0.001,0.2795084971874737,0.25,0.25,1.0,0.3363164507601971,0.2135315561926913,0.21763942818669843,0.23251256486041305,0.2150700235947997,0.16117744506710943,0.16337282239623802,0.1713603561924715,26.688468461751754,26.661851685452685,26.649679852795565,29.994648206396022,30.021076822127462,30.35859117653354,0.0,0.10399601783355455,0.0,0.10414409004755056,0.0,0.06188916045060219,0.0,0.06316585065745274,0.0,0.10364673035295942,0.0,0.06254313680315907,0.0,0.0,0.0,0.06309047843941787,0.0,0.10350794286066985,0.0,0.06239342570036525,0.0,0.0631054631608076,0.0,0.10431499420472254,0.0,0.10420270948873836,0.0,0.0,0.0077956786114201275,0.0,0.007812643148668155,0.0,0.004876237786482497,0.0,0.005035397346002339,0.0,0.007757389412549547,0.0,0.00496290946734111,0.0,0.0,0.0,0.004982733288318213,0.0,0.00773581437092485,0.0,0.0048996648311541375,0.0,0.00502181272857665,0.0,0.007780467698978813,0.0,0.007830190252805336,0.0,0.00047761664013240817,0.2060460179934435,2.347901235373008,0.32778726520076684,0.44886838661646955,0.13625063509079768,0.21898219202933344,0.22988619458713605,2.506285089109518,0.023393163931454818,2.490715507533349,0.026372110767947127,2.5210761916068782,0.02717926927822761,0.015569581576168839,1.25165585695929,0.011793933870739707,1.248004689438336,0.013056676646052258,1.2551244661041963,0.013148295019299157,0.0036511675209540324,0.33290144249994863,0.21079459624981448,0.2130967199998784,0.24320724124977366
2.0e7,40.0,3.0,2.0,2.0,1.0,0.2,0.001,0.001,0.2795084971874737,0.5,0.5,1.0,0.27956742196847656,0.2281450762141624,0.30375106506938526,0.18853643674797574,0.19420577275262518,0.168835537140891,0.20351441760034128,0.14657927337693277,26.680393462200364,26.641263742152013,26.678342795647623,29.908636433098593,30.069496567933452,29.890830414918025,0.0,0.12457693335683705,0.0,0.1257345888480784,0.0,0.04143983797556456,0.0,0.041711962960446505,0.0,0.12483080556495525,0.0,0.04219082821162065,0.0,0.0,0.0,0.041578939356725596,0.0,0.12438959031168943,0.0,0.041917407393477366,0.0,0.041649790741678294,0.0,0.12514418888087842,0.0,0.12483512639804853,0.0,0.0,0.009037335111827721,0.0,0.009193363851416524,0.0,0.0033032027539889484,0.0,0.0033640108340481254,0.0,0.009071489637130448,0.0,0.0033949837075916266,0.0,0.0,0.0,0.0033353838587026137,0.0,0.009081292990269493,0.0,0.0033790615195165245,0.0,0.0033609131334130164,0.0,0.009072638862343255,0.0,0.009098969656971647,0.0,-0.0015468443585086465,0.24111278477239764,2.827620276243318,0.30657749714423366,0.4584645732334097,0.1130501614331517,0.2250202608892644,0.23344431234414526,2.508663340544344,0.024431137639745734,2.4426593721914385,0.03085020064090889,2.571367110479605,0.03609396255327717,0.06600396835290594,1.252303510484563,0.01176522299038729,1.2422475227991143,0.013379422052128722,1.261856698785739,0.013732582094427518,0.010055987685448579,0.295108872499737,0.22471448499987665,0.3031966312501983,0.17698001124986218
2.0e7,40.0,3.0,2.0,2.0,1.0,0.2,0.001,0.001,0.2795084971874737,0.75,0.75,1.0,0.3322337593203467,0.230326767759624,0.24507286416261864,0.19236660875741066,0.2135781412995772,0.1695746696756031,0.17820189798386907,0.1481419886960115,26.686422795198734,26.658517407860145,26.65505979694112,29.62273810894399,29.77576113278709,29.70700269414794,0.0,0.14578236273431316,0.0,0.14630998214944543,0.0,0.020839261342263257,0.0,0.02110953216058155,0.0,0.14572881412617697,0.0,0.020711201627155465,0.0,0.0,0.0,0.02086285439650809,0.0,0.14553655997019113,0.0,0.021015554388024757,0.0,0.021054797441400142,0.0,0.14533302387038757,0.0,0.14571605579355248,0.0,0.0,0.01006586462518462,0.0,0.010041983316117243,0.0,0.0016690701278602512,0.0,0.0017287445022051316,0.0,0.009957515581328865,0.0,0.0016801529088840978,0.0,0.0,0.0,0.0016978086433601756,0.0,0.009942289333937948,0.0,0.0017162945047832217,0.0,0.0017126979453513603,0.0,0.010007868395095591,0.0,0.010001164626572035,0.0,-0.0024710387516089574,0.24375792757825993,3.33729556359754,0.23608236953680212,0.4314400647275955,0.12302063845350877,0.21248387243352887,0.21895619229406663,2.524020170317968,0.02278268835895911,2.293212706517423,0.04674269678897418,2.743287260928486,0.06683994972054326,0.230807463800545,1.2532827926238908,0.01150412417353486,1.2292638384327106,0.014055110247234005,1.276100799105511,0.015095179331539761,0.02401895419117971,0.320721639999891,0.21297308875007867,0.2710897787497307,0.19521549249973724
2.0e7,40.0,3.0,2.0,2.0,1.0,0.2,0.001,0.001,0.2795084971874737,1.0,1.0,1.0,0.25976084945773065,0.2657109644049464,0.21729475737251347,0.2572334287648095,0.09366579518757051,0.10936155534069791,0.08727970905914209,0.09143808226234207,26.64659996407778,26.670726851626284,26.682673184295933,28.557381574338418,28.404726687736687,28.26239063088532,0.0,0.166604114355327,0.0,0.16686277406317923,0.0,0.0,0.0,0.0,0.0,0.16653311158149378,0.0,0.0,0.0,0.0,0.0,0.0,0.0,0.1673018893165617,0.0,0.0,0.0,0.0,0.0,0.16636905464616364,0.0,0.1663290560372747,0.0,0.0,0.008753219100325414,0.0,0.008812402460096774,0.0,0.0,0.0,0.0,0.0,0.008814483185414777,0.0,0.0,0.0,0.0,0.0,0.0,0.0,0.008944201519168816,0.0,0.0,0.0,0.0,0.0,0.008787179660105022,0.0,0.008832723476618318,0.0,0.0,0.0,4.102564102564101,7.888609490466176e-31,0.49872789706496706,0.06139457443695381,0.2378320318155737,0.26089586524939334,2.626437867904449,0.004592787306598698,1.1805829920143953,0.01935077421976903,4.0,0.0,1.4458548758900538,1.2582583296694092,0.010446902447743423,1.1805829920143953,0.01935077421976903,1.3320499004416722,0.022293030107945783,0.07767533765501386,0.2547707112499402,0.2642626612500365,0.22021374749989253,0.2607528800002016
2.0e7,40.0,3.0,2.0,2.0,1.0,0.2,0.001,0.001,0.625,0.0,0.0,1.0,0.33365502451916534,0.226323095759828,0.20276350262424986,0.23725837709675685,0.21489075519918874,0.16834617188279083,0.15516084617782147,0.17413419357149443,26.665451074141608,26.675017295832372,26.65953163002602,14.017626954433494,14.072269402791129,14.002431338162888,0.0,0.08350224952765281,0.0,0.08347036619609076,0.0,0.08318543704525351,0.0,0.0832826842620731,0.0,0.0834206911988505,0.0,0.08315896482450197,0.0,0.0,0.0,0.0833407578699579,0.0,0.0834433092531495,0.0,0.08338805092288605,0.0,0.08328581620634354,0.0,0.08318294815650287,0.0,0.08333872453673753,0.0,0.0,0.003027079526731291,0.0,0.003017491573073728,0.0,0.003005824762489226,0.0,0.003003994880659092,0.0,0.003014388414127599,0.0,0.002995075351794278,0.0,0.0,0.0,0.0030053446709564996,0.0,0.0030201737540618205,0.0,0.003018110007528437,0.0,0.0030221389959805417,0.0,0.0030118116821368393,0.0,0.003006510599792949,0.0,-0.0008566499524083359,0.07869182420637381,1.9720416428637833,0.16056704001681285,0.45168565750343687,0.13581522735565113,0.22003722040429866,0.23164843709913815,2.6271718574648117,0.005064462463651722,2.6271428341645797,0.007217018069986784,2.6271994296000316,0.007001202599443532,2.902330023193632e-5,1.3135566912696426,0.0027764079437373693,1.3135471021713598,0.003962103208623288,1.313565800913011,0.0038425571770312737,9.589098282684372e-6,0.33294713749981775,0.22123717750001,0.20887934124981797,0.23693634375010417
2.0e7,40.0,3.0,2.0,2.0,1.0,0.2,0.001,0.001,0.625,0.25,0.25,1.0,0.3395176714156849,0.20263479707584459,0.22872503312638706,0.22912249838208343,0.21670838331606831,0.15501348339953905,0.16966523364132532,0.17034068531864555,26.65375179701379,26.66751368513813,26.67873451784808,14.043371730823942,13.979758177621395,13.962331317577053,0.0,0.10436602336855426,0.0,0.10389202200599877,0.0,0.0625048437497309,0.0,0.062372386812645175,0.0,0.10399940533336637,0.0,0.06276844234619765,0.0,0.0,0.0,0.06258710485627196,0.0,0.10430125253881929,0.0,0.062363040979831044,0.0,0.06255373124701494,0.0,0.10436156086880218,0.0,0.10393018589276745,0.0,0.0,0.003636540790275118,0.0,0.0036172041083077193,0.0,0.002302614915774198,0.0,0.0023016162235540644,0.0,0.0036495309366463714,0.0,0.0023095522529388754,0.0,0.0,0.0,0.0023102124214241476,0.0,0.0036398612394583684,0.0,0.002298966459239641,0.0,0.002307777329966823,0.0,0.0036452715773975554,0.0,0.0036342964157679383,0.0,0.0006710971849390453,0.0939243564340989,2.4671558958417665,0.1571940947584608,0.44516525868398454,0.1348010012554216,0.21721547509659808,0.22794978358738646,2.628895901671026,0.004978397419617404,2.5878883226026956,0.01012194173308037,2.667853101785939,0.010423488213913505,0.041007579068329865,1.3136934546523582,0.0027637389587091745,1.3117950739061217,0.004054005338932374,1.3154969163612826,0.0039580028282828385,0.001898380746236305,0.35246887375009417,0.19845638999981915,0.22064837624988617,0.2284263599998788
2.0e7,40.0,3.0,2.0,2.0,1.0,0.2,0.001,0.001,0.625,0.5,0.5,1.0,0.2924152573658191,0.2052699122072271,0.3140090172772768,0.18830581314967706,0.19950881733569945,0.1569322870862852,0.20820593551429994,0.1463189032432567,26.664376018645775,26.670818462732306,26.664805518621915,14.00693853688197,13.917208620613161,14.032299042300602,0.0,0.12485939028558943,0.0,0.12507271805151565,0.0,0.041650286574984076,0.0,0.04163234352042536,0.0,0.1251681694351017,0.0,0.041698431016753836,0.0,0.0,0.0,0.041533157414824586,0.0,0.12499084166717549,0.0,0.0417288018483999,0.0,0.04165565463024141,0.0,0.12485087917495113,0.0,0.12515932638003743,0.0,0.0,0.004152608180296004,0.0,0.004158425371806913,0.0,0.0015710623512913467,0.0,0.0015623306892055173,0.0,0.004149185399595082,0.0,0.0015730292263655137,0.0,0.0,0.0,0.0015612344823774478,0.0,0.004166515263347157,0.0,0.0015812277287251494,0.0,0.001572627000648627,0.0,0.004139312381033856,0.0,0.004165267705380992,0.0,-0.0001984611000854946,0.09771623950207844,2.9771169502741293,0.13407461561240577,0.44890280414279177,0.11315317675562156,0.22274721936285435,0.2261555847799374,2.6344614693105455,0.004587438802681171,2.4509703050630534,0.02180615120770913,2.8087780753456624,0.02386966615422284,0.18349116424749193,1.313731021601838,0.0027694314573130444,1.3089392775735489,0.004266719159668994,1.3182831784287123,0.0041768714763063906,0.004791744028288923,0.2960484675002889,0.21682685624983172,0.3056211337498405,0.1815035424998104
2.0e7,40.0,3.0,2.0,2.0,1.0,0.2,0.001,0.001,0.625,0.75,0.75,1.0,0.3180555295524706,0.24784705567516357,0.23794987566945136,0.19614753910291446,0.20858581422335748,0.1788394271221433,0.17410846755110687,0.15092223146087863,26.677430184587212,26.66811240732709,26.6544574080857,13.981140541737267,13.90494023082148,13.983025477206496,0.0,0.14582387662089574,0.0,0.1460759321624482,0.0,0.02074635718075794,0.0,0.020880103006660943,0.0,0.14583667800907343,0.0,0.0208203543988692,0.0,0.0,0.0,0.0208986543945192,0.0,0.14550855858285786,0.0,0.020718255793430233,0.0,0.02074692384739312,0.0,0.14572797662622353,0.0,0.1462163293768706,0.0,0.0,0.004494263707831387,0.0,0.00448991387825083,0.0,0.0007984774592611171,0.0,0.0007973184617101896,0.0,0.004483938832370243,0.0,0.0007987927491784236,0.0,0.0,0.0,0.0008006442757899013,0.0,0.0044869934806534345,0.0,0.0007939054849754322,0.0,0.0007935216547352012,0.0,0.004457653808335564,0.0,0.0044729535927647696,0.0,-0.0005672444129308659,0.07982174156709146,3.508651637553542,0.08378144011132513,0.4390244264480598,0.11982072646723313,0.21374524253153146,0.22527918391652826,2.647547288526575,0.0034632989296858557,2.131028620790808,0.044500566461970786,3.138240022875554,0.04915616017201601,0.5165186677357675,1.3138426868377997,0.0027555589822672367,1.304290112042362,0.004587227113695647,1.3229176328934649,0.004530618477548273,0.009552574795437252,0.3214509374998894,0.2600584824998577,0.23646698749994943,0.18202359249968078
2.0e7,40.0,3.0,2.0,2.0,1.0,0.2,0.001,0.001,0.625,1.0,1.0,1.0,0.29862210979877163,0.25023118887604506,0.22563628052020662,0.2255104208049766,0.10074251735598787,0.0792004169683673,0.08696348021652159,0.08125425672753181,26.711553516024804,26.63758307568983,26.650863408285367,13.811161676815605,13.873320576787664,13.796649244664977,0.0,0.16663447963141778,0.0,0.16692455878196896,0.0,0.0,0.0,0.0,0.0,0.16644096158661326,0.0,0.0,0.0,0.0,0.0,0.0,0.0,0.16577020051276664,0.0,0.0,0.0,0.0,0.0,0.1671358643257853,0.0,0.16709393516144805,0.0,0.0,0.004311462127574952,0.0,0.004311562801066751,0.0,0.0,0.0,0.0,0.0,0.004319050982368329,0.0,0.0,0.0,0.0,0.0,0.0,0.0,0.0043142749633594,0.0,0.0,0.0,0.0,0.0,0.004336121269439509,0.0,0.004337140975573842,0.0,0.0,0.0,4.102564102564101,7.888609490466176e-31,0.46366710495353286,0.06099101505244733,0.22142443378218551,0.24224267117134732,2.6818510703814935,0.001287368176662806,1.294325881309381,0.005424063702781502,4.0,0.0,1.3875251890721125,1.3143364449300268,0.00269236420115444,1.294325881309381,0.005424063702781502,1.33334648036964,0.005399232471291229,0.0200105636206457,0.29655830999998095,0.23566565374995563,0.24182719625015872,0.22594883999988832
2.0e7,40.0,3.0,2.0,2.0,1.0,0.2,0.001,0.001,0.625,0.0,0.0,1.0,0.2790398594977856,0.2767723762904235,0.26380142562214304,0.18038633858964787,0.19410412581905365,0.19283784385572172,0.18700519310549196,0.1414173142299859,26.66967951835114,26.655610908021615,26.674709573627247,14.053712762230399,14.106688813403869,14.107128577076129,0.0,0.08345782453012086,0.0,0.08336687592406246,0.0,0.08332341759314348,0.0,0.08333467731474015,0.0,0.08343309397593923,0.0,0.08323489398695032,0.0,0.0,0.0,0.08314007315888483,0.0,0.08344995091944718,0.0,0.08342694675405851,0.0,0.08350789119400605,0.0,0.08341154258824764,0.0,0.08291281206039931,0.0,0.0,0.0030172432557990857,0.0,0.0030358238208821986,0.0,0.003008949986554634,0.0,0.0030183548863109973,0.0,0.0030149454220420287,0.0,0.0029939535311451627,0.0,0.0,0.0,0.0029939141705646252,0.0,0.003009956415769952,0.0,0.003019805939459072,0.0,0.003008063005631831,0.0,0.0030315122320775374,0.0,0.0029985738254294323,0.0,-0.0009669777240567932,0.07905082967625145,1.970335015038368,0.16100571157472499,0.4506226216434083,0.10833797486850617,0.2195282492471563,0.23109437239625205,2.6271601628785666,0.005018773487905291,2.6271858327002025,0.007171254920709927,2.6271357765480126,0.006944082591616874,-2.566982163583993e-5,1.3133319780342636,0.0027993855112174414,1.3133520232348292,0.003968197257568314,1.313312935093726,0.003868825856288342,-2.0045200565792458e-5,0.2856415962499422,0.2740722512503015,0.25025286875009733,0.19003328374983103
2.0e7,40.0,3.0,2.0,2.0,1.0,0.2,0.001,0.001,0.625,0.25,0.25,1.0,0.26417034365720315,0.2104585591411912,0.2841015064388052,0.24126959076280052,0.18745512801614797,0.1598176678748912,0.196276025180109,0.17609141574892773,26.65839896342228,26.682371684312685,26.659229352265037,14.077317114215067,14.085962803024318,14.041199914746482,0.0,0.10421620948798836,0.0,0.10402701366516591,0.0,0.06251127708270683,0.0,0.06258114791215845,0.0,0.10429632892798173,0.0,0.06271920623782187,0.0,0.0,0.0,0.06240391042200497,0.0,0.10412058032663442,0.0,0.062436350697980515,0.0,0.06240911042171609,0.0,0.10399330672259408,0.0,0.10428555809524677,0.0,0.0,0.003647238125176929,0.0,0.0036416589933729645,0.0,0.0023144271037301763,0.0,0.002315430784807653,0.0,0.0036683795775504517,0.0,0.002325192582303186,0.0,0.0,0.0,0.0023028804282508217,0.0,0.0036557780390506877,0.0,0.0023158936657800165,0.0,0.002325665636653545,0.0,0.0036511528408111464,0.0,0.0036331458657919307,0.0,-0.00028021387332145137,0.09447179967462527,2.4669580676476284,0.15842925550295206,0.48935162565801194,0.12201537527820897,0.23910521255444078,0.25024641310357126,2.628449060527759,0.005031484149951681,2.587289875852317,0.010216465863830605,2.6675502859694284,0.01047914219666836,0.0411591846754419,1.3134125882861956,0.0027964987497135344,1.31147991398211,0.00410601655071349,1.315248628875076,0.0039803612197901565,0.0019326743040851936,0.25091452499983496,0.21773009874970303,0.2981419299999422,0.23321344625021828
2.0e7,40.0,3.0,2.0,2.0,1.0,0.2,0.001,0.001,0.625,0.5,0.5,1.0,0.2147658686241184,0.2258880152284436,0.2919603546133136,0.26738576153412436,0.1616292987644403,0.16799750125529914,0.19890239392485431,0.18852344614714156,26.67093057383719,26.66278712984516,26.66628229631765,13.992535862304505,14.038617696106796,13.972907988061896,0.0,0.12480418751087848,0.0,0.12475454723585849,0.0,0.04179925878893007,0.0,0.04158798380066757,0.0,0.12493766944790724,0.0,0.04162604768744179,0.0,0.0,0.0,0.04166898240727876,0.0,0.12499403611144246,0.0,0.04170442684975406,0.0,0.04179285323373037,0.0,0.12508366249535208,0.0,0.12524634443075866,0.0,0.0,0.004151535303300308,0.0,0.004163122669603896,0.0,0.001566026381519495,0.0,0.0015647393684198342,0.0,0.004171580351013171,0.0,0.00156752684932683,0.0,0.0,0.0,0.0015708636211805552,0.0,0.00415535197832092,0.0,0.0015644107192302225,0.0,0.0015680939187703957,0.0,0.0041707314380864825,0.0,0.004181916397751396,0.0,0.0016552776858179065,0.09742896144451951,2.976256505592587,0.1333437535462498,0.5269491626442437,0.11537720951822443,0.2593880730128462,0.26756108963139746,2.6344845319873267,0.004595030522504405,2.450730231684578,0.021838100741728008,2.809051117274938,0.02399149827985739,0.1837543003027488,1.313669966761925,0.002765197824922396,1.3088876527226159,0.004258249316906816,1.3182131650992686,0.004178796015304596,0.004782314039309137,0.2054144262499007,0.22939352749984612,0.28723060250012705,0.2779614437499694
2.0e7,40.0,3.0,2.0,2.0,1.0,0.2,0.001,0.001,0.625,0.75,0.75,1.0,0.2946151516880471,0.24193827405898483,0.24563072246495987,0.21781585178800822,0.19985770566399083,0.1751835602726302,0.17815347017665004,0.1633146045046563,26.6657917963449,26.63952668669296,26.694681516962138,13.90873220373768,13.93412331650784,13.897101674292161,0.0,0.14550519330526704,0.0,0.14618869465618362,0.0,0.020869200229488877,0.0,0.020748605791744125,0.0,0.14567919885115563,0.0,0.02094969883612784,0.0,0.0,0.0,0.02083511412027144,0.0,0.1458911932838226,0.0,0.0208098266216763,0.0,0.02097901133449937,0.0,0.14597492661250408,0.0,0.1455693363572591,0.0,0.0,0.004466088760265691,0.0,0.004484986589658083,0.0,0.0008011970478635282,0.0,0.0007983500212818776,0.0,0.004489080919450516,0.0,0.0008037757192927727,0.0,0.0,0.0,0.0007971709468673778,0.0,0.004494117880042301,0.0,0.0007934040780286123,0.0,0.0008076679686981183,0.0,0.00450408090138076,0.0,0.004462959843594295,0.0,0.00012473888195895096,0.08006011388465491,3.5068451766852395,0.08452476928844138,0.4616745556394448,0.1218029193134698,0.22601403968397837,0.23566051595546644,2.6473816945186806,0.003484624053880114,2.1309111567622456,0.04460291978975355,3.138028705387294,0.049481325443167364,0.5164705377564351,1.314006653352907,0.002738932474094935,1.3045579488695878,0.004587393078787401,1.3229829226120597,0.004481032391640583,0.009448704483319085,0.2811314037502158,0.2552322087498524,0.24314572124984046,0.22049066625026484
2.0e7,40.0,3.0,2.0,2.0,1.0,0.2,0.001,0.001,0.625,1.0,1.0,1.0,0.294558762802291,0.28723612154243766,0.22633863187007602,0.19186648378519533,0.09166438991528007,0.1001210100296141,0.08795301698822797,0.07799549313253051,26.65960829668843,26.670664740518625,26.669726962792947,13.886872537435174,13.859089891947797,13.803335770389566,0.0,0.16646721019626612,0.0,0.16672541295969925,0.0,0.0,0.0,0.0,0.0,0.16680737684403463,0.0,0.0,0.0,0.0,0.0,0.0,0.0,0.1667024157387547,0.0,0.0,0.0,0.0,0.0,0.16650796852733507,0.0,0.16678961573391024,0.0,0.0,0.004312687778842601,0.0,0.004327400615230888,0.0,0.0,0.0,0.0,0.0,0.00431611151237328,0.0,0.0,0.0,0.0,0.0,0.0,0.0,0.004322405334658095,0.0,0.0,0.0,0.0,0.0,0.00431196473773868,0.0,0.004291570523958123,0.0,0.0,0.0,4.102564102564101,7.888609490466176e-31,0.4491994777389617,0.05365220507479722,0.2052218000968743,0.24397767764208741,2.6819509531394776,0.0012825348815119252,1.2945309038126105,0.005403699597727514,4.0,0.0,1.3874200493268662,1.3142529430828138,0.0027067010585439784,1.2945309038126105,0.005403699597727514,1.3329888803895067,0.00533230425740981,0.0197220392702031,0.2818927287499526,0.28345920499962474,0.23834857624988123,0.19629948999975613
